id,EAP,HPL,MWS
id02310,0.15571468627516605,0.03424358150551962,0.8100417322193142
id24541,0.6470769704697774,0.28980948107001414,0.0631135484602085
id00134,0.17413332145220023,0.8202926521075141,0.005574026440285598
id27757,0.6351985206709069,0.33733889203321815,0.02746258729587506
id04081,0.929339120570516,0.0303344023259424,0.0403264771035417
id27337,0.746142135638945,0.2453688987439618,0.008488965617093239
id24265,0.6935090212850455,0.29486325090948734,0.011627727805467059
id25917,0.26714101074120833,0.1909823099682699,0.5418766792905217
id04951,0.9928405092127598,0.004089416652394718,0.003070074134845572
id14549,0.7933328807669907,0.015559288307526562,0.19110783092548278
id22505,0.023795330677165993,0.8255774050074202,0.15062726431541387
id24002,0.0010491262193757676,0.9983206639578002,0.0006302098228241463
id18982,0.29512799778042137,0.5513661732349915,0.15350582898458723
id15181,0.0211199066621615,0.9778019259585998,0.0010781673792385083
id21888,0.8377567643697896,0.055403413033442296,0.10683982259676794
id12035,0.008486028856043628,0.00727953275860667,0.9842344383853496
id17991,0.6574337128689812,0.033862085445661674,0.3087042016853571
id10707,0.9996819821997783,0.00010786846029755692,0.0002101493399240571
id07101,0.3809717199938951,0.3356587924640987,0.2833694875420062
id00345,0.9557520542718797,0.029183858728917926,0.015064086999202283
id05912,0.9611730772541266,0.027860255423449748,0.010966667322423738
id13443,0.9903515915902028,0.0050025714209901,0.004645836988807185
id09248,0.2666882134550476,0.1348348780124889,0.5984769085324636
id17542,0.4733523094298833,0.41224245620714994,0.11440523436296673
id06995,0.005545946295515049,0.0008597397667053345,0.9935943139377797
id25159,0.7325923949312363,0.031177119223466287,0.2362304858452974
id25729,0.7083745595545536,0.2749068694040741,0.0167185710413721
id26949,0.7855848624100981,0.14100677643741918,0.07340836115248274
id27191,0.1441994134557757,0.19841776227223623,0.657382824271988
id07668,0.1895380984583726,0.0018026702225774549,0.8086592313190499
id02230,0.19483466498943758,0.49553688401976165,0.3096284509908009
id15553,0.9979192769461528,0.002013034221174095,6.76888326731963e-05
id25688,0.07545780565313816,0.8763823688119335,0.04815982553492831
id17545,0.7183341789652304,0.20477079999169337,0.07689502104307624
id13929,0.27840386897461417,0.14024887571588834,0.5813472553094975
id12880,0.56795068515471,0.21063696924827618,0.2214123455970139
id19282,0.5788487244297269,0.11236871106116195,0.30878256450911107
id14690,0.06283687692563066,0.02871247236251515,0.9084506507118542
id17975,0.20353539708814117,0.46958639068723224,0.32687821222462665
id08037,0.9755706019212452,0.0008812523954594804,0.023548145683295458
id15412,0.4046111080234834,0.05276475674067424,0.5426241352358424
id25032,0.6783149650130745,0.124883747452894,0.19680128753403145
id27165,0.9427051534432922,0.014482333272194885,0.04281251328451285
id03327,0.3987559056067385,0.2554653759785047,0.3457787184147567
id18515,0.6621309704508274,0.02690954906169775,0.3109594804874748
id21003,0.4752783385910071,0.04583913867465807,0.4788825227343348
id23855,0.029583478346068136,0.7782446272129084,0.19217189444102342
id20724,0.851241767273089,0.0919584448634278,0.0567997878634832
id13303,0.9356843805373398,0.01052505176038698,0.05379056770227334
id16521,0.004188998133994402,0.07954159126043331,0.9162694106055722
id20775,0.9975212274002111,0.0024534829751041826,2.5289624684657007e-05
id13029,0.6187572720369354,0.043238680865420175,0.33800404709764437
id14660,0.9075362514551674,0.052090885296850076,0.04037286324798269
id11028,0.007410168120955665,0.0005256815431818637,0.9920641503358625
id14180,0.9917315028082684,0.0030322446901232336,0.005236252501608397
id25860,0.9997072987398851,0.00027340068878000485,1.9300571335110805e-05
id11910,0.8217727473167652,0.05957260461925957,0.11865464806397506
id08065,0.5174077382893482,0.18376010621037836,0.29883215550027353
id22674,0.020573004689880308,0.06373744636644972,0.9156895489436699
id25018,0.18364692875303548,0.08048180640963552,0.735871264837329
id10892,0.19551051302370837,0.7946894504687382,0.00980003650755344
id10217,0.04208173257212345,0.9568728027688566,0.0010454646590200665
id12996,0.6887893501734396,0.12994717510077797,0.1812634747257825
id18262,0.10237382763252625,0.10013236699714627,0.7974938053703273
id08606,0.0015542580197693847,0.9966823888604815,0.0017633531197490918
id17233,0.807191557076444,0.061851412211036884,0.13095703071251916
id00101,0.4202852154591811,0.1378125982510691,0.44190218628974975
id12225,0.7680464193996792,0.0799394218834331,0.15201415871688775
id01364,0.11415064221996121,0.8288109396517559,0.057038418128283024
id24973,0.9498590748859721,0.01368842190135834,0.03645250321266962
id25363,0.9468355718425647,0.001252219880367727,0.05191220827706752
id10061,0.47766206506078107,0.015340569027906406,0.5069973659113125
id17673,0.18609433841762651,0.576534755433858,0.23737090614851547
id13249,0.7481206205390101,0.06570804119591575,0.18617133826507418
id10107,0.017276741836781434,0.0226131228430272,0.9601101353201913
id04403,0.8520636588363604,0.012021377686874434,0.13591496347676518
id25728,0.8927375818184246,0.012330594348204554,0.09493182383337084
id16184,0.7569470969858694,0.07237156543379002,0.1706813375803406
id03438,0.016049729153866432,0.00037072315852588393,0.9835795476876078
id22923,0.34138575934621185,0.57237252096051,0.08624171969327822
id08610,0.9774679804066256,0.012964671387668531,0.009567348205705884
id25355,0.06296133848378337,0.0951402647958896,0.841898396720327
id16916,0.3716607774402885,0.6132097373404451,0.015129485219266296
id12793,0.02957043118783972,0.9630881881553593,0.007341380656800986
id11859,0.6701866764961334,0.021481637999007045,0.30833168550485973
id02434,0.999728093495274,0.00018701526300813676,8.48912417179324e-05
id27703,0.006277007708061426,0.007269301256569313,0.9864536910353693
id25212,0.4564191405867435,0.5231094175785143,0.020471441834742247
id11308,0.2295756864365536,0.278408814037007,0.4920154995264395
id26094,0.3413610256574245,0.08817679498886889,0.5704621793537067
id22080,0.81125171349168,0.180458424376282,0.008289862132038042
id03545,0.9453095519559449,0.05213354819618317,0.0025568998478719676
id23725,0.008468521349622105,0.00478479352140642,0.9867466851289715
id12009,0.824558782155933,0.12107506155725689,0.054366156286810026
id24241,0.48771501698199926,0.27535209795876225,0.23693288505923848
id03596,0.03302871319530393,0.9578897716233817,0.009081515181314266
id10749,0.19513281464903745,0.23183950264538794,0.5730276827055747
id22794,0.0003845313970723729,0.016485900809287937,0.9831295677936397
id15482,0.17962768460530212,0.1680656016326033,0.6523067137620946
id04833,0.6938828964656817,0.2370771923504745,0.06903991118384378
id00397,0.14573649774434086,4.0084512024431525e-05,0.8542234177436347
id14691,0.07676360294844943,0.0530241165201319,0.8702122805314186
id05193,0.2075853051607723,0.04510049978917938,0.7473141950500483
id19541,0.9729087202450175,0.02156921876082174,0.005522060994160757
id22166,0.0004311983521300219,0.000331420027631019,0.999237381620239
id20744,0.02764377401384,0.03664479540479713,0.935711430581363
id10392,4.147828855042684e-06,0.0040752917761508935,0.995920560394994
id00770,0.9907465220344959,0.0031205844658818427,0.006132893499622314
id06018,0.2154491633396519,0.6574272902631131,0.12712354639723492
id15678,0.18450921801944783,0.020847908726063333,0.7946428732544888
id08305,0.7043071867666044,0.1691197608672932,0.1265730523661023
id08903,0.7438748953533448,0.060051270933357624,0.1960738337132975
id14752,0.6819329911794567,0.28686561874526806,0.03120139007527523
id12468,0.4083280914224163,0.5831752185998642,0.008496689977719473
id05085,0.7147532542727013,0.21546326601014432,0.06978347971715435
id21993,0.046147404887034914,0.0038280219552853044,0.9500245731576797
id15503,0.8002709571657243,0.17664131118505538,0.023087731649220487
id03021,2.9943972774482763e-05,0.994076660422502,0.00589339560472335
id16123,0.9909144047690558,0.006994013389635838,0.002091581841308387
id19383,0.9928936274812321,0.004605831239214034,0.002500541279553962
id04186,0.993873518628688,0.0038182192710469716,0.0023082621002649597
id17954,0.0009600218860503642,9.32878739150569e-05,0.9989466902400347
id12030,0.10728028168708113,0.02711192674638767,0.8656077915665312
id13020,0.8826613206576691,0.0932837380543086,0.024054941288022182
id25327,0.0014677352023050338,0.8618148562849796,0.13671740851271538
id16344,0.13736999599308525,0.05109403361086653,0.8115359703960482
id12303,0.42692622930683183,0.44980655239743256,0.12326721829573567
id15017,0.9990514587398381,0.0008010242261023213,0.00014751703405948787
id22308,0.4257815816343386,0.031941096507879845,0.5422773218577815
id06536,0.0026864850970145598,0.11112100583980652,0.8861925090631789
id19797,0.18256907552607607,0.5057899028148584,0.31164102165906565
id06332,0.40596318529743997,0.31297791362350674,0.2810589010790533
id22941,0.4044173947549568,0.486994122634199,0.10858848261084418
id13547,0.023058438785814855,0.23009062977281847,0.7468509314413667
id06928,0.10090932412620442,0.00348297978175489,0.8956076960920407
id12521,0.8278222144779354,0.11747738588200804,0.054700399640056636
id25716,0.6740037092100738,0.019342487263344647,0.3066538035265816
id27116,3.532340427330908e-05,2.7429661895616774e-05,0.999937246933831
id19941,0.3283095559349531,0.5229835807645186,0.1487068633005284
id05711,0.0029176391685917825,0.021929129222936987,0.9751532316084713
id02097,0.015363763825023037,0.04701055355604385,0.9376256826189331
id03563,0.0009582349231976597,0.9984751444369093,0.0005666206398930528
id02295,0.4558595668715197,0.23344593142255135,0.3106945017059289
id08179,0.9999519047384172,1.967179238457832e-05,2.842346919813448e-05
id05332,0.3353666413968173,0.5531235060928059,0.11150985251037665
id15697,0.36227816739353447,0.2634904814270514,0.37423135117941414
id17026,0.3470150503705221,0.1009563650503515,0.5520285845791264
id04243,0.9041899869560414,0.06074342824504473,0.03506658479891379
id13175,0.9991827543919984,0.0007845679518627905,3.2677656138612124e-05
id05387,0.9790495026087029,0.014552828101973201,0.006397669289323853
id19989,0.4506349825228528,0.2556289781206089,0.29373603935653836
id25173,0.20457456246309397,0.4141221618383734,0.3813032756985326
id08925,0.03885397441197913,0.9519738962394009,0.009172129348620132
id03034,0.004123353144476734,0.9869933673643568,0.008883279491166534
id13272,0.21201926121432982,0.6756283121110743,0.11235242667459577
id07956,0.9765873483958307,0.015110623046213589,0.008302028557955799
id02648,0.1695494782776088,0.019822374933054172,0.810628146789337
id01778,0.5495034324763658,0.002992278739501449,0.4475042887841327
id12846,0.0010341918382492604,0.0005400665265249557,0.9984257416352257
id19001,0.515165310845943,0.023261061715030333,0.4615736274390267
id05763,0.9530205721619632,0.005731067245253446,0.04124836059278333
id15590,0.05495988938211706,0.009414869610483188,0.9356252410073999
id04912,0.6238300410277624,0.13023406161643342,0.24593589735580432
id21201,0.796243116932737,0.08189382594739059,0.1218630571198723
id13215,0.9957195643619705,0.0012157893786160282,0.0030646462594134437
id15612,0.16622845465697214,0.756112796917047,0.0776587484259809
id18501,0.3060540711198091,0.07190023765761287,0.6220456912225781
id07223,0.46700621317241164,0.4217400505964945,0.11125373623109384
id06707,0.8877196383992759,0.04840107511910455,0.06387928648161952
id05238,0.0011671227911589947,0.9979752763979715,0.0008576008108695785
id00935,0.13956167206036857,0.3678836295852549,0.49255469835437665
id00110,0.719607786674301,0.23183491987394092,0.04855729345175813
id17476,0.7943936662046935,0.18179164551815466,0.023814688277151712
id15170,0.9257701448824064,0.028066833373783226,0.04616302174381025
id13397,0.43177752526369306,0.054565655636466544,0.5136568190998404
id24283,0.8492913576165837,0.13499830859260484,0.015710333790811614
id15234,0.9732439209505329,0.015524305229007695,0.0112317738204593
id16884,0.4906555400072079,0.1325233108361732,0.37682114915661885
id07831,0.42820815956668096,0.4449912997234621,0.12680054070985702
id16038,0.9175271001505934,0.039736169122916935,0.042736730726489605
id03629,0.8355598163591959,0.06519532447472559,0.09924485916607854
id21019,0.8022141380643638,0.06808321497056946,0.12970264696506678
id21835,0.7331723799357427,0.06462419371448244,0.20220342634977492
id04480,0.24278772243909522,0.7189711902265878,0.038241087334317046
id20838,0.7047590826741854,0.27928382431284043,0.015957093012974103
id24195,0.17816568825523615,0.1536109550059674,0.6682233567387964
id05448,0.6950345949281116,0.26238704680647834,0.04257835826541022
id15957,0.08992177768413248,0.8770474597425882,0.03303076257327934
id19956,0.011306371873229014,0.003101661162533267,0.9855919669642378
id15104,0.060411641988659566,0.08356123983793357,0.8560271181734069
id17559,0.772734351360598,0.10379703503449028,0.12346861360491172
id16839,0.6979785281174425,0.01809637232595231,0.28392509955660516
id14493,0.6625469645121689,0.030451556382922313,0.3070014791049088
id08833,0.5334514061212834,0.027226567419705767,0.43932202645901075
id15723,0.32659495013111123,0.12514087709748428,0.5482641727714045
id02716,0.9388269176077217,0.05171286181458657,0.009460220577691858
id06689,0.04111613516424494,0.9459269476040618,0.01295691723169316
id18837,0.2044490409690143,0.3519036942878925,0.44364726474309313
id04466,0.8374009183296736,0.12954382004390566,0.03305526162642077
id00686,0.9217333657286726,0.014988118543932769,0.06327851572739451
id09010,0.3846203288253469,0.5085007669074372,0.10687890426721583
id23353,0.9168142836309978,0.030117147997805967,0.05306856837119626
id00066,0.8468361221137551,0.03635208289560527,0.11681179499063947
id15724,0.15892745201489009,0.3721150849641247,0.46895746302098507
id23486,0.1297322545588294,0.0041094915842799645,0.8661582538568907
id22258,0.0923403548120031,0.024685752116599218,0.8829738930713977
id02292,0.8431135475119632,0.055059763975951866,0.10182668851208493
id16356,0.6873862552083083,0.008155008690298265,0.3044587361013934
id00235,0.9720985293683237,0.009423289936972976,0.01847818069470326
id25522,0.12064275846189101,0.01063197140073831,0.8687252701373707
id04204,0.12275558929592285,0.7985444985004997,0.07869991220357753
id22016,0.6927264725111237,0.06873910119951475,0.23853442628936147
id06480,0.0012807831995098867,0.998577431276208,0.00014178552428210133
id08718,0.658507084773319,0.09352693680173177,0.24796597842494927
id05251,0.02049087108299312,0.9672813027740969,0.012227826142910075
id03359,0.8093853444635148,0.031384494245217776,0.15923016129126746
id16117,0.05981433221090133,0.003835846613936931,0.9363498211751617
id17000,0.09812850588840547,0.8775947246428649,0.024276769468729704
id01730,0.046185469467001763,0.9432954819686276,0.010519048564370592
id00630,0.8240676756643289,0.1625628861390381,0.013369438196632858
id18175,0.20492955195369403,0.07438598926656284,0.7206844587797431
id00907,0.8287564202585638,0.06329170760119329,0.1079518721402428
id18251,0.031162171337607097,0.9683076722196322,0.0005301564427606759
id25861,0.80744662693935,0.06765437057190102,0.12489900248874894
id00398,0.772150729256903,0.1516920380011048,0.07615723274199218
id27573,0.9979529285371319,0.0005112098811925021,0.0015358615816753393
id10022,0.0004890824804475039,0.9969014731482916,0.002609444371260704
id15901,0.055410274621611307,0.0022881149010534917,0.9423016104773352
id00451,0.2399138074558012,0.09964185756122461,0.6604443349829742
id23129,0.16302826988719302,0.8079053822813338,0.0290663478314732
id26498,0.4793438921819309,0.10719002167016388,0.4134660861479052
id14741,0.17541759561163048,0.07537486756793271,0.7492075368204367
id18453,0.42096814245439357,0.026051979015243046,0.5529798785303633
id08309,0.911189531327993,0.05027081087052353,0.0385396578014836
id00320,0.9876151182587336,0.006785528036358786,0.005599353704907593
id07688,0.11433438458276679,0.02849126098573291,0.8571743544315003
id01556,0.004358361577646235,9.097242871032143e-05,0.9955506659936434
id00178,0.17609243561428356,0.1590372502939688,0.6648703140917477
id18902,0.01720055968196438,0.016893866860274005,0.9659055734577617
id27002,0.6641110511439692,0.22606576246350726,0.1098231863925236
id21418,0.9915113438180099,0.003539623358330825,0.004949032823659365
id23018,0.2098663606043009,0.1663539055512301,0.623779733844469
id07032,0.33295233588640905,0.4798786437532314,0.18716902036035968
id16195,0.874279101131754,0.01435115746576481,0.11136974140248117
id11202,0.37910656320837094,0.29944276021003946,0.32145067658158966
id09578,0.7200102358414431,0.05503267629869478,0.22495708785986224
id26984,0.7845981641773604,0.04244444242926438,0.17295739339337535
id19856,0.018129295415470485,0.9761347271866226,0.005735977397906794
id12086,0.6459032040186695,0.07293893273451879,0.28115786324681175
id12052,0.12469902058079962,0.09927272166278092,0.7760282577564195
id17728,0.001884449818595071,0.0006830207476304079,0.9974325294337745
id24608,0.7154430007040109,0.10398989000502587,0.1805671092909633
id21097,0.15453892098323538,0.10949540070615642,0.7359656783106082
id20179,0.002531205830651329,0.0023919536420368794,0.9950768405273118
id15144,0.6706925487872809,0.27515681072857934,0.0541506404841398
id00206,0.9411333009106372,0.0329907831008931,0.02587591598846963
id22285,0.035919149362911025,0.005228190559302026,0.958852660077787
id06417,0.29778529418801797,0.6050709381103612,0.09714376770162078
id00215,0.03968375907835377,0.9568846380532091,0.003431602868436981
id04201,0.013068702797098956,0.012703912482096411,0.9742273847208047
id21771,0.7930904017836264,0.15229854085439729,0.05461105736197621
id12451,0.15114506716892956,0.11498985164255758,0.7338650811885129
id14250,0.05767227337105517,0.8280694385810778,0.11425828804786704
id03433,0.04542993643249357,0.9342708886808896,0.02029917488661697
id03303,0.20074463622290867,0.08034574520470382,0.7189096185723876
id25901,0.32564617251322736,0.40039703707705904,0.27395679040971366
id06945,0.89556600614149,0.018736300681047854,0.08569769317746229
id05664,0.23045814960914074,0.5955186763458998,0.17402317404495937
id05741,0.9993085137619437,0.0004405636400567501,0.00025092259799936476
id10652,0.6249807359947659,0.07407572694166416,0.3009435370635699
id16300,0.9817351508540755,0.0051690391595811255,0.013095809986343273
id12319,0.322851279635494,0.3407172253170772,0.3364314950474288
id07500,0.002445051962978033,0.9973567719556373,0.0001981760813845915
id12478,0.5002452685372244,0.22500539640375916,0.2747493350590165
id03076,0.2285408081657529,0.022161405453867203,0.7492977863803799
id00969,0.25119678962607184,0.6776688085677223,0.07113440180620595
id23636,0.20946189230061416,0.6241804301544404,0.16635767754494551
id09791,0.05214837658981084,0.06288961905369019,0.884962004356499
id05680,0.014380965840380842,0.6719265382587891,0.31369249590083
id03672,0.018650268384682256,0.9755038841849878,0.005845847430329955
id04286,0.016197390906035582,0.8995410607321389,0.0842615483618256
id23883,0.008096082456349017,0.46870743596327863,0.5231964815803724
id11914,0.7095914750672155,0.03954088851121888,0.2508676364215655
id20974,0.011612713630294416,0.9877970775701449,0.000590208799560784
id26125,0.15406754242482748,0.7025499014589056,0.14338255611626688
id15543,0.3128401584849481,0.15369812145834866,0.5334617200567032
id19471,0.9811817965157599,0.00392133791892858,0.014896865565311461
id11503,0.6357475540363794,0.18107853678164884,0.18317390918197177
id09321,0.07156845989535386,0.7655877103560509,0.16284382974859518
id25560,6.579771349017402e-06,1.9499588741500217e-05,0.9999739206399095
id06726,0.10544913745140881,0.13398167859934879,0.7605691839492423
id05709,0.9556949656170067,0.002508648167031932,0.041796386215961184
id09788,0.49554816280473,0.2211571315333006,0.28329470566196924
id05289,0.9354329284081104,0.025641783574084073,0.03892528801780542
id11815,0.049520194786295824,0.935764188364599,0.01471561684910531
id22422,0.6300238059504866,0.17227826624301099,0.1976979278065024
id25954,0.8080941667205909,0.04559019444917299,0.1463156388302363
id13601,0.8497172574840635,0.07707689461207726,0.07320584790385926
id05677,0.9609002441319779,0.00399281590536929,0.03510693996265276
id10498,0.07443360083848641,0.911551575874184,0.014014823287329625
id02665,0.6472130271572821,0.2586886796133262,0.09409829322939171
id10114,0.006600077476056221,0.9868646567922675,0.00653526573167615
id26314,0.9216412490470108,0.06583629288639607,0.012522458066592985
id21240,0.4815971756105922,0.09299752886106798,0.4254052955283398
id15569,0.9517582767531407,0.03929364778384041,0.00894807546301898
id25928,0.437200263163699,0.15140889430310478,0.4113908425331962
id22706,0.050478977538292474,0.9187362109688377,0.03078481149286973
id20877,1.0698517841706791e-05,0.9995999254311587,0.00038937605099942797
id04318,0.8243960777845104,0.041011153651171375,0.1345927685643182
id18299,0.02601576946173695,0.9576966723089372,0.016287558229325854
id08126,0.05885825723310688,0.0004482530448421896,0.940693489722051
id14293,0.1686593570487899,0.0020996139092473434,0.8292410290419627
id12759,0.9859078975789715,0.0060841934816307005,0.008007908939397951
id11983,0.24226731267588214,0.1685739735622407,0.5891587137618772
id05580,0.4879128808373175,0.4249014595636508,0.08718565959903178
id25846,0.24378046037568182,0.6610021191948264,0.09521742042949176
id01939,0.4168661727800014,0.03581465767905315,0.5473191695409455
id26327,0.27094314309142314,0.33737170844479547,0.39168514846378144
id11068,0.027777965029240795,0.011697027469647384,0.9605250075011118
id08404,0.9660089992372911,0.0012187279026225106,0.03277227286008635
id27189,0.9431039892121839,0.050661770940464285,0.006234239847351934
id15119,0.0857714004610552,0.8406523401151285,0.07357625942381636
id26525,0.9422723008906572,0.021183991054505056,0.036543708054837754
id03618,0.6220651076342298,0.19900727072017052,0.17892762164559964
id27220,0.9427153097981563,0.03063982605216785,0.02664486414967586
id18777,0.25059877405891096,0.04040118435761781,0.7090000415834713
id20213,0.8824925630763337,0.0523710728599727,0.06513636406369365
id20403,0.6998715992904715,0.13452857940983076,0.1655998212996979
id03777,0.22120162630537915,0.30545403105807506,0.47334434263654585
id10595,0.1106315736038894,0.8515017826270876,0.03786664376902315
id13816,0.46263603443859364,0.022248331962158977,0.5151156335992474
id05667,0.14926303241821734,0.09120372081998045,0.7595332467618022
id24629,0.6456170494121465,0.040677060188482266,0.31370589039937125
id20398,0.24982977285333738,0.2996846989851444,0.4504855281615183
id14108,0.013930050183936346,0.012124042994121315,0.9739459068219424
id06196,0.023920726293794402,0.9708835418556586,0.005195731850547016
id02800,0.12948950844643867,0.7340540711728633,0.13645642038069805
id18732,0.005816751672993399,0.9895710010523477,0.004612247274658759
id11915,0.003716726605499212,0.9950325034972944,0.0012507698972063822
id09739,0.7506759597034713,0.1748272499881439,0.07449679030838482
id24672,0.9900208796477433,0.008166760659633112,0.0018123596926235435
id00414,0.0003633349289786385,0.5741420963432762,0.4254945687277452
id16307,0.9032425397225516,0.047854665785524185,0.04890279449192423
id14043,0.2357568268174391,0.04327931447145076,0.7209638587111101
id00517,1.814732477281785e-07,1.8770911455411136e-06,0.9999979414356068
id09744,0.6551540267478569,0.3417978377719922,0.0030481354801508392
id19257,0.894947822509485,0.03943919700715338,0.06561298048336159
id15437,0.8786536638410517,0.10490758808900541,0.016438748069943
id16352,0.1784645125983855,0.051524922638631974,0.7700105647629825
id18849,0.5131324198553572,0.05021229725923088,0.43665528288541194
id19434,0.0014277868366987907,0.9972214592512841,0.001350753912017196
id17928,0.10678694132260767,0.014255918014601975,0.8789571406627903
id16896,0.039014588465706865,0.020416956135871984,0.940568455398421
id02135,0.1564495830517901,0.4378734309358907,0.4056769860123192
id15075,0.9316976252819313,0.0169837469927716,0.05131862772529709
id27486,0.002024457314301191,0.989676615311077,0.008298927374621748
id19422,0.7973682573292087,0.08596048527694033,0.116671257393851
id09603,0.19690582257698205,0.7512340631303874,0.05186011429263056
id02133,0.4865619280012713,0.474858936827933,0.03857913517079585
id03441,0.9003867093008201,0.0027470656131283184,0.0968662250860515
id02398,0.3507687774393732,0.6317227624011867,0.017508460159440117
id05152,0.012934590577257224,0.020782000050479376,0.9662834093722633
id17838,0.7145580596901876,0.05843965434164246,0.22700228596817007
id25060,0.6454141713539239,0.3465432017432791,0.008042626902797091
id09998,0.22070695011043603,0.09425331789512408,0.6850397319944399
id01828,0.1226499741345025,0.5640528228055044,0.3132972030599932
id25377,0.42271091399833394,0.10364950205383333,0.4736395839478327
id22175,0.007205145432113942,0.9913623250020982,0.0014325295657880292
id02974,0.22603388879383166,0.017526971687282546,0.7564391395188859
id26955,0.9912992233909064,0.008511380194699422,0.00018939641439436497
id21091,0.965223245614864,0.028350558757195145,0.006426195627940835
id12802,0.9787791599789578,0.007729815918941776,0.013491024102100478
id07432,3.854618784094758e-05,0.9998942130027587,6.724080940030447e-05
id18749,0.3671661073614508,0.26124323662966653,0.3715906560088827
id15030,0.0007378331616450025,0.031038891141684132,0.9682232756966709
id17155,0.009605771355004577,0.9176691872768747,0.07272504136812079
id08128,0.01783867710070341,0.36309908309075944,0.6190622398085371
id25706,0.00023127359724346938,0.9375206321560645,0.06224809424669215
id15645,0.8858092658271577,0.06848979813993797,0.045700936032904364
id04943,0.6599945159097983,0.12837989257472035,0.2116255915154813
id27566,0.006721239131167383,0.000765281152273991,0.9925134797165586
id11765,0.7224522451782385,0.06459151307770555,0.21295624174405595
id13783,0.3139587620944622,0.6029453218109267,0.08309591609461098
id00492,0.04101174974695968,0.01501314841005602,0.9439751018429844
id27636,0.04351288319948943,0.08398004149239686,0.8725070753081137
id04273,0.8973783502908638,0.08292644641749523,0.01969520329164102
id02537,0.26637196307741146,0.18815853500481736,0.5454695019177712
id24349,0.7196738701386282,0.258063879932515,0.0222622499288569
id00023,0.0005389018850162426,0.9870445196410034,0.012416578473980288
id23025,0.06308809847776498,0.9356479290504647,0.0012639724717703588
id08722,0.8923411730409763,0.0436346237644168,0.06402420319460701
id02420,0.9915714066140829,0.008111644254714346,0.000316949131202631
id10811,0.9162810514219728,0.01934282986639666,0.06437611871163049
id04019,0.0015807673734220694,0.0425830388889344,0.9558361937376436
id18334,0.8941946335692821,0.04718915197722133,0.05861621445349667
id16781,0.6453892363661236,0.1704685383299616,0.1841422253039148
id08773,0.8748737662939311,0.050276180049970476,0.07485005365609824
id19214,0.2703772071153721,0.42322350794202124,0.30639928494260665
id09589,0.044316472299373355,0.5929358164102101,0.36274771129041655
id24246,0.8268917866873138,0.1620844886406355,0.01102372467205078
id23577,0.8375554277785072,0.150569447589485,0.011875124632007714
id09305,0.8159111589949853,0.02864045988450304,0.1554483811205117
id16460,0.8032527723264232,0.05895584472073435,0.13779138295284254
id21115,0.9006231603983366,0.038801622883117934,0.060575216718545564
id25996,0.3810951821963023,0.0708565084891407,0.5480483093145571
id02551,0.011367113477624462,0.005383566606041439,0.9832493199163341
id19352,0.010007117281143623,0.00102824640991388,0.9889646363089425
id03806,0.020783734934857148,0.009617560045498486,0.9695987050196444
id26544,0.9273993063705915,0.0160442066531478,0.056556486976260735
id18761,0.9732929520106748,0.010306748957154319,0.016400299032170926
id24148,0.14536706692426257,0.8265857655736472,0.02804716750209031
id16095,0.08898705316336533,0.7832653446936548,0.12774760214297992
id18442,0.5715442229308938,0.15553408971054053,0.27292168735856565
id22596,6.105989262353597e-07,5.96681540605999e-07,0.9999987927195331
id23002,0.16654446734586412,0.018267511466266068,0.8151880211878697
id04797,0.9871613935863757,0.007073019936277722,0.0057655864773465525
id06610,0.09193963611115816,0.0136660509540387,0.8943943129348031
id16173,0.4818937917248337,0.29019011650052423,0.22791609177464203
id18292,0.21945624994030644,0.3330745247159354,0.4474692253437582
id27328,0.9423165334121407,0.028607334372020985,0.02907613221583834
id01695,0.30517089090117944,0.6755346795573433,0.019294429541477212
id05761,0.5436609569466783,0.04680540296591051,0.4095336400874113
id16354,0.9795176524348419,0.005812192432344254,0.014670155132813832
id12207,0.1272414755021465,0.4920048938399964,0.3807536306578571
id05665,0.30970187550519485,0.003989664643131018,0.6863084598516741
id01911,0.7859226199948642,0.1054462436075973,0.1086311363975384
id19153,0.03703785593289015,0.009772864349997447,0.9531892797171124
id10295,0.298225204369343,0.026194666721138248,0.6755801289095187
id23038,0.6700035190932448,0.21610381310865692,0.1138926677980982
id23783,0.5816050436251835,0.39504556557158127,0.023349390803235188
id27879,0.9014228280593733,0.09263308421980214,0.005944087720824456
id19190,0.24288579481405848,0.7072721360801945,0.04984206910574703
id05065,0.9191180979011193,0.028490439344809604,0.052391462754070896
id21296,0.05581380979802009,0.9085385141872702,0.035647676014709605
id13262,0.4683364545230818,0.06396960790972504,0.4676939375671932
id10333,0.8105556454552639,0.10487412997044522,0.08457022457429078
id16677,0.12895027652145835,0.08626932412866273,0.784780399349879
id01392,0.6318736966914225,0.023396113521805387,0.3447301897867722
id27874,0.6991602838878509,0.08794092720700734,0.21289878890514174
id02294,0.11216872793631714,0.6255346403163651,0.2622966317473178
id18298,0.06913541049208365,0.009590431549157724,0.9212741579587587
id06997,0.9587415994471351,0.013884891547004048,0.027373509005860826
id05243,0.6027450329735579,0.16653727147935593,0.23071769554708627
id00860,0.005032593964279739,0.8981650599505885,0.09680234608513172
id26681,0.9001069019462613,0.0917611428377896,0.008131955215949178
id06020,5.991895727394299e-05,1.8893228685654916e-05,0.9999211878140405
id27683,0.8813717171687537,0.03274175639135902,0.08588652643988727
id17655,0.020009887401395712,0.9798983359624508,9.177663615341576e-05
id08817,0.07071462402479123,0.01517475907384759,0.9141106169013612
id11512,0.0016792359631183776,0.45072828668223125,0.5475924773546504
id00478,0.22109750064392786,0.29453738712352057,0.4843651122325516
id02116,0.9858403069294154,0.005062113644300682,0.009097579426284098
id06746,0.9484471071344973,0.03211233261101558,0.019440560254487142
id03863,0.6865680213505988,0.23042949526379108,0.08300248338561007
id01802,0.6968513183623853,0.11114867157953762,0.19200001005807707
id11682,0.9749997744932821,0.007150769709283914,0.017849455797433945
id04033,0.015482565699823264,0.9638028239825371,0.020714610317639773
id09286,0.043156527673801286,0.8814341195819912,0.07540935274420742
id12904,0.9283687578166911,0.023408251739558728,0.04822299044375004
id07420,0.00020191984258130158,0.0002786025606160253,0.9995194775968027
id22398,3.728165720430558e-05,0.9999187815458931,4.393679690245888e-05
id00424,0.05306030984723819,0.002959059471134166,0.9439806306816276
id20960,0.808671707096137,0.15169706897888677,0.039631223924976186
id10267,0.8414059516309575,0.09626571795033748,0.06232833041870503
id19330,0.5592168425943507,0.04685724554503086,0.3939259118606185
id00994,0.12899246442175008,0.8266373381336592,0.04437019744459082
id10785,0.49061567514488735,0.36753739345294134,0.14184693140217133
id00955,0.24481805505335688,0.6736990834404349,0.08148286150620807
id09757,0.014561579711347592,0.9803865960610184,0.0050518242276339645
id10030,0.4354136034025128,0.08372746975107746,0.4808589268464097
id22952,0.19290451843393913,0.2440664032627388,0.563029078303322
id21955,0.0003672614495848084,0.004055962623388555,0.9955767759270266
id07674,0.7742080224176815,0.0943588080750294,0.13143316950728895
id13760,0.4678363557303741,0.5255001156295593,0.006663528640066578
id18166,0.8871919370604625,0.0023196185233173463,0.11048844441622019
id23498,0.8909155640901671,0.0942568614325495,0.014827574477283383
id05296,0.9803091720983932,0.004834017486969412,0.014856810414637545
id26709,0.7100695787233594,0.19316058383577187,0.09676983744086882
id02853,0.9761331854000642,0.013174906119696387,0.010691908480239548
id06800,0.6502092179425302,0.15947967961930035,0.19031110243816954
id14758,0.14191321305587382,0.8418455812949507,0.016241205649175496
id12356,0.9739195825810757,0.0233006776094415,0.0027797398094828833
id21492,0.6590011762487639,0.054047579057352746,0.28695124469388344
id27540,0.01679460047692336,0.2848446777172907,0.6983607218057859
id07376,0.08736861638245473,0.7134235246592214,0.19920785895832385
id15201,0.5637773594804564,0.17091591203048945,0.2653067284890542
id23388,0.0019613970871433305,0.9947716610301591,0.003266941882697411
id13923,0.003176274958381445,0.9942109707155622,0.002612754326056219
id00794,0.0009360655485424356,0.9889519741631915,0.010111960288265916
id23910,0.043461013265955105,0.024643278736836374,0.9318957079972084
id02556,0.3180071077953428,0.41775642578570416,0.26423646641895293
id22151,0.0004626763742368988,0.99924790673994,0.0002894168858230177
id11698,0.5041490727242831,0.384670950402438,0.1111799768732789
id11627,0.5572317612166775,0.04020609563596545,0.40256214314735705
id06340,0.9821860590099182,0.009623007706794839,0.008190933283287034
id05123,0.9751769787217418,0.004430521895144709,0.020392499383113525
id26620,0.00014923061859778823,3.2254604083266956e-05,0.9998185147773189
id04002,0.03781628079908333,0.062366865940518615,0.8998168532603981
id26554,0.028662576950095824,0.8946747049255426,0.07666271812436158
id18012,0.0793431978952695,0.44786226208449453,0.4727945400202361
id12964,0.6042660354883853,0.036982050331764035,0.35875191417985064
id18965,0.06298088597477738,0.3040226889943532,0.6329964250308694
id19082,0.30289378599535216,0.1374701206243472,0.5596360933803005
id26742,0.0784233900619588,0.001236390484980129,0.9203402194530611
id15442,0.36522905850218157,0.5786794926437113,0.05609144885410709
id16647,0.669734468582208,0.06105904509180427,0.26920648632598776
id11544,0.2847128515793227,0.01754995347321683,0.6977371949474604
id20581,0.5768897516294413,0.05015012683696276,0.37296012153359587
id13192,0.3016162908548748,0.25400753151402267,0.44437617763110265
id15814,0.2120171731422159,0.55334098326754,0.2346418435902441
id26279,0.38261314496219795,0.5896598695337975,0.027726985504004695
id00240,0.8330086632123181,0.060096074428117464,0.10689526235956429
id22836,0.9644575880304078,0.005355209346899417,0.030187202622692744
id15085,0.014184867813513911,0.8599133032693771,0.12590182891710902
id17495,0.6429595568178763,0.050443199610184696,0.30659724357193885
id26762,0.7103410555037662,0.23528370839971152,0.054375236096522304
id13685,0.9939536614422418,0.00018328450541078264,0.005863054052347432
id16560,0.10885920871683054,0.8819515009875687,0.009189290295600628
id17184,0.00044053794867373447,0.999352822247736,0.00020663980359035317
id21635,0.9992366504878413,0.0004139676141958449,0.0003493818979629604
id26751,0.39800393144294327,0.5550550664311227,0.04694100212593412
id12351,0.9426292347473615,0.009664905312444209,0.04770585994019427
id14872,0.5752178091427329,0.1704855991183168,0.2542965917389502
id18372,0.9627202499640616,0.018959236298815865,0.018320513737122648
id26851,0.7695216378611719,0.09693002375636374,0.13354833838246447
id22659,0.7676229289940536,0.23100855130990922,0.001368519696037096
id04102,0.002177340872358824,0.0003922612727442414,0.9974303978548971
id02353,0.0036465702967640396,0.9934830355063546,0.0028703941968813325
id26721,0.9915981429811558,0.006380749307560765,0.0020211077112834617
id11171,0.3786653281937142,0.10900443665920226,0.5123302351470835
id13562,0.6307165043717532,0.2428586239080182,0.12642487172022862
id26425,0.7101491141558832,0.0363893420129488,0.253461543831168
id26394,0.3538281063362818,0.3596638208712553,0.2865080727924629
id22187,0.5792552555902349,0.2506343030733394,0.17011044133642558
id00422,0.9941634102960445,0.0010253408423411719,0.00481124886161449
id22667,8.172871309184119e-06,0.9999887815971915,3.045531499264999e-06
id00911,0.6722925606689087,0.20731426945484224,0.1203931698762491
id17291,0.7481428138154076,0.03417218112533166,0.21768500505926064
id01915,0.42719809085743266,0.27146057792164774,0.3013413312209196
id01434,0.23291544852477317,0.11574577131967809,0.6513387801555487
id01584,0.4142493819442119,0.13237435783111784,0.4533762602246702
id09266,0.9896386945359993,0.007334179308374404,0.003027126155626349
id17494,0.037454653167963946,0.9590585842321024,0.0034867625999334814
id24919,0.3804433494769579,0.20572489729659812,0.41383175322644394
id21043,0.16331199108427497,2.0986456737636943e-06,0.8366859102700512
id17796,0.023192987934311602,0.973337486179425,0.0034695258862634613
id02166,0.057593712190342,0.013682823412258262,0.9287234643973997
id17503,0.9908581582560775,0.006128430707243748,0.003013411036678702
id21203,0.7447243899812279,0.0727459797223355,0.18252963029643654
id25626,0.9998410285055148,0.00014738424773821227,1.1587246746993446e-05
id09836,0.9894611883684613,0.00829724580615016,0.0022415658253886685
id24202,0.06647429442326086,0.3251761237582943,0.6083495818184448
id27260,0.6240357790762029,0.19821668493317207,0.17774753599062498
id23167,0.0035855374852528264,0.000276617869480936,0.9961378446452663
id10393,0.038284336217568916,0.9462874508475496,0.015428212934881337
id01171,0.9934945571955197,0.00521469563398646,0.0012907471704940259
id06380,0.9642428229637724,0.008921685053566766,0.02683549198266073
id22686,0.1527810468733533,0.002564872481316234,0.8446540806453305
id26250,0.28369189451118487,0.053922390393257275,0.6623857150955578
id09315,0.20216100289680675,0.7181853167639629,0.07965368033923037
id00886,0.09016235382309472,0.3321294160458409,0.5777082301310644
id03101,0.8974446031868785,0.040127272047910965,0.062428124765210535
id12367,0.7873450758025784,0.06478988571759951,0.14786503847982213
id10770,0.6793916008157043,0.05688205101765379,0.26372634816664187
id14949,0.336785598880711,0.5870117752248679,0.07620262589442099
id14141,0.03269895252682667,0.9581731766191226,0.009127870854050682
id25417,0.612510619639001,0.29412504309522625,0.09336433726577278
id26873,0.8433822583849739,0.047059478991066696,0.10955826262395946
id10818,0.1488565044910268,0.051277617922278744,0.7998658775866945
id15146,0.8135286561174508,0.0472188425329715,0.13925250134957753
id23328,0.766457751755257,0.15619195780673117,0.07735029043801181
id16765,0.6679603841968521,0.30840227685225075,0.023637338950897147
id24383,0.8300099873372285,0.0030550109843814083,0.16693500167838995
id21304,0.631423401924915,0.07837193871313343,0.2902046593619517
id12551,0.031228937077386536,0.9540991318077472,0.014671931114866262
id23274,0.10970177386365977,0.21158979978845746,0.6787084263478829
id08117,0.7210609670742366,0.11084172972826246,0.16809730319750096
id23961,0.9062466188839069,0.03625931113385524,0.05749406998223805
id13865,0.13710226150496546,0.7703234016132109,0.09257433688182361
id22807,0.16890975428994162,0.16028683758362802,0.6708034081264304
id08951,0.5227134793017294,0.11296389008376582,0.36432263061450465
id18684,0.9813502571417035,0.009275914226940988,0.009373828631355432
id25179,0.2928725221508278,0.5319908933761318,0.17513658447304042
id27033,0.9235800924253134,0.05789102496927752,0.018528882605409185
id13977,0.09312788073170157,0.30960602483980243,0.597266094428496
id19337,0.0006963563714472526,0.9968554676637684,0.002448175964784294
id25764,0.0002497176017032802,0.9995549683041274,0.00019531409416920312
id16106,0.0632950644917141,0.0851867190590818,0.8515182164492041
id05468,0.027840117679029535,0.0036354720401967165,0.9685244102807737
id05241,0.9344631869011442,0.008042954580041865,0.057493858518814146
id10215,0.5934345884947608,0.11936161757318944,0.28720379393204964
