id,EAP,HPL,MWS
id02310,0.18220938141385232,0.045991718960959486,0.7717988996251882
id24541,0.3037845648194477,0.60461895052211,0.0915964846584423
id00134,0.3624971760879687,0.6286889193901376,0.008813904521893743
id27757,0.6038091532699107,0.3814083238065031,0.014782522923586252
id04081,0.9369661023216463,0.026883713689508922,0.03615018398884466
id27337,0.6759945567247159,0.3200645317797629,0.003940911495521383
id24265,0.6620591167613896,0.3248286003169297,0.013112282921680617
id25917,0.3132234835278431,0.1680425025466627,0.5187340139254941
id04951,0.9884307868630223,0.006384353745209241,0.0051848593917684805
id14549,0.8176743438031696,0.02180341493280994,0.1605222412640206
id22505,0.0151852551498776,0.8309163176568434,0.15389842719327898
id24002,0.0014761462471091233,0.9977781138070595,0.0007457399458315206
id18982,0.22192967123629784,0.6032034200619428,0.17486690870175928
id15181,0.02368715533567274,0.9750656811698674,0.0012471634944598233
id21888,0.9036637547763124,0.03945154406288913,0.056884701160798475
id12035,0.007384270407249693,0.005798696493797926,0.9868170330989523
id17991,0.7042297225550003,0.03730232725606193,0.25846795018893787
id10707,0.9998297796947907,6.140042107757385e-05,0.00010881988413171907
id07101,0.43234218736167734,0.29364009293930293,0.2740177196990197
id00345,0.9402261900480051,0.045129255323711114,0.01464455462828381
id05912,0.944387741089181,0.042127025892176526,0.013485233018642516
id13443,0.9871130941633617,0.0058042699080318085,0.007082635928606483
id09248,0.21563324367483108,0.11730461241889531,0.6670621439062735
id17542,0.5080528299434708,0.36949453985191294,0.12245263020461616
id06995,0.0034775916916804355,0.0008515293927271553,0.9956708789155925
id25159,0.6473667740252089,0.04553446951694357,0.30709875645784745
id25729,0.7088546742150711,0.26886368245984776,0.022281643325081136
id26949,0.65577979201742,0.24190584040626625,0.1023143675763137
id27191,0.08915624018847365,0.33707666500895644,0.5737670948025699
id07668,0.3566868084307995,0.0023960984285633386,0.6409170931406372
id02230,0.19323049936319195,0.4654626860273454,0.3413068146094626
id15553,0.9977116123324062,0.0022547673475048764,3.3620320088829845e-05
id25688,0.058972070693829315,0.9150302284096,0.025997700896570528
id17545,0.6884775012324036,0.21343920962595367,0.09808328914164259
id13929,0.29229501385336915,0.1490964194612793,0.5586085666853516
id12880,0.7348627827348077,0.15465407792674363,0.11048313933844879
id19282,0.6009134638772002,0.08444760251554878,0.314638933607251
id14690,0.05956543138253589,0.03016747584271454,0.9102670927747496
id17975,0.12441770418866942,0.49491928484050235,0.38066301097082833
id08037,0.9755856044972536,0.0011844405544846487,0.023229954948261845
id15412,0.31154259257803113,0.04769295947947362,0.6407644479424952
id25032,0.6718374667048944,0.12168234018714476,0.20648019310796073
id27165,0.9450950308454288,0.013024766830139605,0.041880202324431626
id03327,0.5862319178674494,0.14995542614644092,0.26381265598610965
id18515,0.6300433788051163,0.015135341120343189,0.3548212800745404
id21003,0.5889108285494825,0.04359897206294283,0.3674901993875746
id23855,0.02910939778058578,0.7355353742965711,0.23535522792284302
id20724,0.834020834325075,0.09704988664455912,0.068929279030366
id13303,0.944413541429946,0.008654135066941541,0.04693232350311251
id16521,0.002037775889168575,0.06348741694111369,0.9344748071697179
id20775,0.9985605502801366,0.0014166114756532545,2.2838244210159006e-05
id13029,0.778508650790123,0.031125441050862377,0.1903659081590147
id14660,0.9074227846572307,0.05266224303667326,0.03991497230609608
id11028,0.007561016139831727,0.0005880676172664254,0.9918509162429018
id14180,0.9890935444357848,0.004843189487552798,0.0060632660766624085
id25860,0.9998294140219262,0.00016008531054255006,1.0500667531239646e-05
id11910,0.8345672542004852,0.06730174199039832,0.09813100380911664
id08065,0.6151245668895912,0.18030908380226793,0.20456634930814105
id22674,0.04032288131802568,0.0880001357981888,0.8716769828837855
id25018,0.24079204624689016,0.07621353302383989,0.68299442072927
id10892,0.3110030092068015,0.6765311756167183,0.012465815176480235
id10217,0.04651744586292827,0.9518485607484083,0.0016339933886635348
id12996,0.723445357386131,0.11656571356015877,0.15998892905371018
id18262,0.1007255582971803,0.0873643283078486,0.8119101133949711
id08606,0.0015386599317314556,0.996492941376747,0.0019683986915216035
id17233,0.8175424514911627,0.05624359962267643,0.1262139488861608
id00101,0.5477252026546331,0.14213666101765135,0.31013813632771564
id12225,0.7550046893786211,0.07846367323622273,0.1665316373851562
id01364,0.09640149749398161,0.8621151317961351,0.04148337070988333
id24973,0.9346819916074567,0.01433168606571621,0.05098632232682697
id25363,0.9161540050822847,0.00152141652541175,0.08232457839230362
id10061,0.5181873970131384,0.02314395523604819,0.4586686477508135
id17673,0.1357136566680174,0.5475828113002436,0.31670353203173895
id13249,0.7707654669522619,0.06454883441760154,0.16468569863013655
id10107,0.015029803050564587,0.01600769007856185,0.9689625068708735
id04403,0.8335391372145057,0.004285506775691005,0.16217535600980332
id25728,0.9419367431859835,0.011726910872948892,0.04633634594106755
id16184,0.7560640952617553,0.06981716858559554,0.17411873615264914
id03438,0.011877156695927083,0.00039384443939332795,0.9877289988646796
id22923,0.31889720970558694,0.6181461465967453,0.06295664369766785
id08610,0.976938537466494,0.011763999593979037,0.011297462939526848
id25355,0.06338152079477997,0.1525915875069468,0.7840268916982732
id16916,0.36042523271670873,0.6173499320604514,0.02222483522283989
id12793,0.03684481089592268,0.9513934919699817,0.01176169713409547
id11859,0.6917677393131689,0.020842459138944912,0.2873898015478862
id02434,0.9997597802559745,0.0001369597222296922,0.00010326002179581842
id27703,0.006357865199697614,0.013587585827055434,0.980054548973247
id25212,0.370169236498499,0.6189319588310074,0.010898804670493596
id11308,0.2288913560415198,0.26009919487832306,0.5110094490801572
id26094,0.26645406255372894,0.08903911690703513,0.6445068205392359
id22080,0.8601600710172138,0.13128860851048144,0.008551320472304728
id03545,0.929053423124695,0.06719057913378243,0.0037559977415226784
id23725,0.006855219702668319,0.0025116439070976557,0.990633136390234
id12009,0.7789954646830247,0.16595545081222854,0.05504908450474672
id24241,0.4436456248901607,0.3279020824288483,0.2284522926809911
id03596,0.029849194865680745,0.9576837992447764,0.012467005889542866
id10749,0.18259021487564087,0.3566796791682769,0.46073010595608216
id22794,0.00038387007639115585,0.011509259191585392,0.9881068707320234
id15482,0.16666414769435411,0.12348419973106176,0.709851652574584
id04833,0.57796146695772,0.3312398989183877,0.09079863412389244
id00397,0.06383706394750706,2.2688469284900653e-05,0.9361402475832081
id14691,0.1393139910337354,0.08962737900448607,0.7710586299617784
id05193,0.23431197061660997,0.0501543345250922,0.7155336948582978
id19541,0.983418770092236,0.012611111226523251,0.003970118681240668
id22166,0.0013977526774772192,0.0005396385388414369,0.9980626087836815
id20744,0.023260682370948287,0.04195496986161164,0.9347843477674401
id10392,2.2798170808549526e-06,0.002229584290297184,0.997768135892622
id00770,0.9938178146922781,0.0034851635810825734,0.0026970217266393576
id06018,0.3047922295877779,0.6084578723311679,0.08674989808105418
id15678,0.13579283166935238,0.01968297324560229,0.8445241950850453
id08305,0.8243565487710844,0.11121368146302986,0.06442976976588584
id08903,0.6977577079064818,0.09536031816294693,0.20688197393057126
id14752,0.6087232442064209,0.3438787454693203,0.0473980103242588
id12468,0.3694162528370058,0.6236776054097588,0.0069061417532353475
id05085,0.6201287650757731,0.2560758433187373,0.12379539160548977
id21993,0.03720297142672005,0.003258396631785141,0.9595386319414948
id15503,0.8205418055760009,0.1559950694080643,0.023463125015934904
id03021,6.032894634812344e-05,0.9904178418708492,0.009521829182802512
id16123,0.9917162709527948,0.007126485193381471,0.0011572438538237078
id19383,0.993805409058269,0.0036335246895894922,0.0025610662521414894
id04186,0.9961033921674511,0.0017401498159112115,0.002156458016637538
id17954,0.00037870961199480837,4.810399470872417e-05,0.9995731863932965
id12030,0.07431569669278038,0.02481723443870793,0.9008670688685116
id13020,0.8871190727221124,0.08424413224521643,0.028636795032671213
id25327,0.0036446538927172247,0.9070616256549603,0.0892937204523224
id16344,0.14016454660941152,0.04946304681264646,0.8103724065779421
id12303,0.4870867683234785,0.4279262991526123,0.08498693252390921
id15017,0.9985561819498998,0.0013234942205363103,0.0001203238295638287
id22308,0.5066325292035267,0.03226440662571178,0.4611030641707614
id06536,0.002647376915278118,0.0460598932131417,0.9512927298715802
id19797,0.192713829910502,0.566761647404395,0.2405245226851029
id06332,0.4665025692764113,0.3063801494110307,0.22711728131255793
id22941,0.3873809890369255,0.4968792113364387,0.11573979962663582
id13547,0.02585720571311126,0.2311547472294663,0.7429880470574225
id06928,0.13158088746905322,0.0033462747370286857,0.8650728377939181
id12521,0.7371873948113513,0.19540102137272955,0.06741158381591922
id25716,0.7091950247772382,0.014608010409777383,0.2761969648129845
id27116,1.935381468790769e-05,2.1891899660812463e-05,0.9999587542856512
id19941,0.46176825106909325,0.40526532256700476,0.13296642636390194
id05711,0.003719811810610416,0.02289486044713594,0.9733853277422536
id02097,0.0061781854899239635,0.019766286230184543,0.9740555282798915
id03563,0.0007133348327231707,0.998981336320364,0.0003053288469127773
id02295,0.4267785936897345,0.23794324129099517,0.3352781650192704
id08179,0.9999613968953385,1.529688932300348e-05,2.3306215338476878e-05
id05332,0.3362131240528452,0.5544770456165882,0.10930983033056661
id15697,0.21350523882120997,0.19932912569321903,0.587165635485571
id17026,0.3553359382056608,0.08224159607746777,0.5624224657168714
id04243,0.901217462032324,0.04213005553240173,0.05665248243527433
id13175,0.9987244838201501,0.0012359587553010846,3.955742454876798e-05
id05387,0.9850446819074591,0.008760582181858581,0.006194735910682298
id19989,0.59671322340283,0.27517388144040694,0.1281128951567632
id25173,0.1442980965441199,0.4360942002656073,0.4196077031902728
id08925,0.06398660691590895,0.9228145860280488,0.013198807056042327
id03034,0.0028022871002354364,0.9839414756583836,0.013256237241380892
id13272,0.17038612387856197,0.7540314517581709,0.0755824243632671
id07956,0.9630386046616225,0.02791373701033228,0.00904765832804505
id02648,0.2120483895663544,0.019025310776162627,0.7689262996574829
id01778,0.7097828357558046,0.0042823684537355135,0.2859347957904599
id12846,0.0012665605618380935,0.0010694777090448175,0.997663961729117
id19001,0.438127216946896,0.022052503355320212,0.5398202796977839
id05763,0.964315674001104,0.00738855707254549,0.02829576892635059
id15590,0.0488916248589419,0.014193257972053572,0.9369151171690044
id04912,0.6636992548489002,0.13605804639396601,0.2002426987571338
id21201,0.7922473621989206,0.0789752923654175,0.12877734543566194
id13215,0.9957978963054257,0.0013817415644464552,0.002820362130127904
id15612,0.11839971335907822,0.8099779730664494,0.07162231357447231
id18501,0.3632408070530454,0.06241539334097751,0.574343799605977
id07223,0.4607092481131339,0.42624259478544757,0.1130481571014186
id06707,0.877775529806523,0.04943983005650991,0.07278464013696694
id05238,0.0013456175392868943,0.9970424112519074,0.0016119712088058398
id00935,0.10621948985820946,0.2853510821100023,0.6084294280317882
id00110,0.8701545563806169,0.09827735959147567,0.03156808402790747
id17476,0.8413260283734978,0.13240966502943916,0.026264306597063056
id15170,0.9354062956001071,0.01681115480932461,0.047782549590568275
id13397,0.33523274631030325,0.07618178557272143,0.5885854681169753
id24283,0.8409344818805615,0.13789937627769466,0.02116614184174371
id15234,0.9766473350599374,0.014166088129800395,0.009186576810262295
id16884,0.5219935106563274,0.15683701137069178,0.32116947797298084
id07831,0.4571571235228994,0.4326071264804129,0.11023574999668788
id16038,0.9260604607775046,0.034967623680247105,0.03897191554224825
id03629,0.8165122845173813,0.07909668250350387,0.10439103297911487
id21019,0.8042141197595462,0.06897464514960665,0.1268112350908474
id21835,0.7449019927569398,0.05143337720984455,0.2036646300332155
id04480,0.2357899291973594,0.7250071798791529,0.039202890923487735
id20838,0.7147428482768907,0.26691812298886397,0.01833902873424538
id24195,0.17313378951846947,0.17907471453087334,0.6477914959506572
id05448,0.7466530267675219,0.22982410273900225,0.023522870493475997
id15957,0.11841993750060834,0.8550647236936616,0.02651533880573006
id19956,0.011156232123052657,0.002530123667109074,0.9863136442098382
id15104,0.04211804376427888,0.06718690597049967,0.8906950502652216
id17559,0.7447934300875041,0.11928411361303809,0.13592245629945782
id16839,0.799119248875056,0.014991469069171594,0.1858892820557724
id14493,0.680714725208598,0.03441891354795156,0.28486636124345044
id08833,0.3656387715441693,0.037315495298473896,0.5970457331573568
id15723,0.3468740207192129,0.12732590455225434,0.5258000747285327
id02716,0.9355925191337353,0.049283701488701856,0.015123779377562907
id06689,0.037892900343364025,0.9529991175980836,0.009107982058552384
id18837,0.22050826751143796,0.31357950144864216,0.46591223103991974
id04466,0.7716963925050314,0.19808341940785018,0.03022018808711844
id00686,0.925291085019167,0.012465027464871544,0.06224388751596134
id09010,0.4306738127585859,0.4754368928373291,0.0938892944040851
id23353,0.9207587580144331,0.03201163734419667,0.04722960464137022
id00066,0.893256445022491,0.022903694415425658,0.08383986056208327
id15724,0.20434839892233297,0.3404061317394474,0.4552454693382198
id23486,0.13759780010907424,0.005365149371936071,0.8570370505189897
id22258,0.06458614819924147,0.02348185695660474,0.9119319948441539
id02292,0.8391100101229704,0.06700477604606049,0.09388521383096916
id16356,0.5659771836598579,0.013051615522112927,0.4209712008180292
id00235,0.9593142110195609,0.014383492159755734,0.026302296820683243
id25522,0.0895797437070614,0.012790895834059247,0.8976293604588793
id04204,0.10785407091560414,0.8522701361253805,0.03987579295901536
id22016,0.6684020457760812,0.06763151360929563,0.26396644061462315
id06480,0.0020981247798096654,0.9976337096676295,0.0002681655525607283
id08718,0.6956750685743615,0.09930815907197835,0.2050167723536602
id05251,0.01802244126492201,0.9713439405155563,0.01063361821952159
id03359,0.7772752323012946,0.03822674854598153,0.18449801915272393
id16117,0.044992579607795034,0.0028968192777117773,0.9521106011144932
id17000,0.08782399554968856,0.8888073324351637,0.023368672015147616
id01730,0.06316474516377661,0.9239717352118946,0.01286351962432878
id00630,0.8413099849877874,0.13825782484690427,0.020432190165308443
id18175,0.1568162974355746,0.06262014739855601,0.7805635551658694
id00907,0.7718492467747048,0.04996376164662642,0.1781869915786687
id18251,0.029518726019046947,0.969608208335284,0.000873065645668964
id25861,0.7990641004241559,0.07346981808401967,0.1274660814918244
id00398,0.773542710408098,0.1619133125907095,0.0645439770011925
id27573,0.9982084986483929,0.0003379815650987477,0.0014535197865082924
id10022,0.00069347397343701,0.9964085841344392,0.0028979418921239192
id15901,0.048669234010607416,0.0015915974454792686,0.9497391685439133
id00451,0.17907181352511642,0.057217766182219715,0.7637104202926639
id23129,0.15762529932168892,0.8291375811141899,0.013237119564121168
id26498,0.6535407187715374,0.10694987127679412,0.2395094099516685
id14741,0.2694642943389683,0.08680822692831776,0.643727478732714
id18453,0.3371097424154854,0.05215161080402836,0.6107386467804863
id08309,0.9032210093404877,0.0486344813498197,0.04814450930969264
id00320,0.9882599563029527,0.005981156219716119,0.005758887477331246
id07688,0.18257897067588802,0.032157852177672995,0.7852631771464389
id01556,0.006361908479709157,9.339573645259975e-05,0.9935446957838383
id00178,0.21225912094212052,0.2283227078317285,0.5594181712261509
id18902,0.01740788821588855,0.014175082247628996,0.9684170295364825
id27002,0.67882703654285,0.2143942525603527,0.1067787108967973
id21418,0.9920884389368628,0.0032030929989951963,0.004708468064141931
id23018,0.26193272721844485,0.16799534594139523,0.5700719268401598
id07032,0.3655203783558209,0.5424948758596904,0.09198474578448879
id16195,0.9216251585196304,0.013146732571091637,0.06522810890927794
id11202,0.3514809951924179,0.30277830998460237,0.34574069482297975
id09578,0.7269691638748393,0.04635947855255367,0.22667135757260698
id26984,0.8003823634603913,0.04254543525577399,0.15707220128383456
id19856,0.015137382959591732,0.9782128584183176,0.006649758622090779
id12086,0.7393995199212061,0.06618336170616318,0.19441711837263062
id12052,0.1463432968414202,0.11335837660500188,0.7402983265535779
id17728,0.0013501260073820144,0.002294199382413205,0.9963556746102047
id24608,0.7264703979083565,0.10919575998368761,0.16433384210795576
id21097,0.19258454770949696,0.13452562939190774,0.6728898228985953
id20179,0.006236771488186804,0.003975171062926373,0.9897880574488869
id15144,0.5505844306457408,0.38347929371864165,0.06593627563561762
id00206,0.9282871968721479,0.031343701648718504,0.040369101479133536
id22285,0.03844494733130595,0.005080129020865942,0.9564749236478282
id06417,0.3112942059242663,0.531311404755138,0.15739438932059568
id00215,0.043230443178973045,0.9532063954845136,0.0035631613365133077
id04201,0.016182747079440476,0.00927066221239256,0.974546590708167
id21771,0.8278653718518403,0.10559066511223884,0.06654396303592074
id12451,0.08909135324233397,0.0766166164102127,0.8342920303474535
id14250,0.05544009808598372,0.7903230904278583,0.15423681148615795
id03433,0.07249096381586755,0.9014023011029018,0.026106735081230736
id03303,0.2721808834357723,0.07569767983453668,0.652121436729691
id25901,0.3873469761789674,0.33972752215383045,0.27292550166720214
id06945,0.8422383339739327,0.03330078151301546,0.12446088451305189
id05664,0.38639392596389655,0.46194028035975265,0.15166579367635072
id05741,0.9993020363594918,0.0005478549812205352,0.00015010865928763542
id10652,0.6283882342829643,0.08022100013617003,0.29139076558086563
id16300,0.9842016227083062,0.00427453656937057,0.011523840722323193
id12319,0.3127973178406435,0.3740213149410068,0.31318136721834966
id07500,0.003978572900197359,0.9957703130912156,0.0002511140085871159
id12478,0.4322509795965913,0.2754214473793636,0.29232757302404505
id03076,0.18594767709927393,0.03525727531890736,0.7787950475818187
id00969,0.17741608891945854,0.7663910912814128,0.056192819799128664
id23636,0.14279920887656666,0.722894581089191,0.13430621003424223
id09791,0.05389217429261714,0.09738822977644299,0.8487195959309399
id05680,0.009513439467093408,0.7462495184034786,0.24423704212942787
id03672,0.011149303512788939,0.9815657382780643,0.007284958209146709
id04286,0.026039447706202784,0.9265489035837882,0.04741164871000911
id23883,0.013934261102304366,0.4119538805422017,0.5741118583554938
id11914,0.7681156720706607,0.027237214094736988,0.20464711383460235
id20974,0.018330643590598286,0.9806217163405339,0.0010476400688678197
id26125,0.12565104424522708,0.6946022889236716,0.17974666683110135
id15543,0.4451645513747583,0.16984097378065535,0.3849944748445863
id19471,0.9842453517073297,0.0035210851673845786,0.01223356312528568
id11503,0.5958219602608787,0.24974635520201796,0.15443168453710343
id09321,0.08263661338745752,0.7167729675690327,0.20059041904350966
id25560,8.688598055579986e-06,2.643463909792302e-05,0.9999648767628466
id06726,0.13502258154429053,0.1870195407875404,0.6779578776681691
id05709,0.9771076104652756,0.0021976319852445116,0.020694757549479813
id09788,0.4867844435166722,0.2733676060528066,0.23984795043052132
id05289,0.8808996924530941,0.05281876676834027,0.0662815407785658
id11815,0.05723041079307207,0.9204016719587648,0.022367917248163133
id22422,0.6178015709203339,0.1831338023050438,0.1990646267746223
id25954,0.7502750828737984,0.04387456925317742,0.20585034787302423
id13601,0.8383333559830026,0.09059219807896997,0.0710744459380276
id05677,0.9541524808257179,0.004911281861402781,0.04093623731287921
id10498,0.058648863982528734,0.9323840710674743,0.008967064949996995
id02665,0.6503635495937711,0.26554762526170433,0.08408882514452459
id10114,0.007560740541703525,0.9762239066924666,0.016215352765829832
id26314,0.9251573390603506,0.057859272655125096,0.016983388284524448
id21240,0.5323625416111547,0.09209590663778372,0.37554155175106163
id15569,0.9553957261134306,0.025905076405423826,0.0186991974811455
id25928,0.4701390100520575,0.17040195454835183,0.3594590353995907
id22706,0.09978732215890856,0.8623893128441112,0.03782336499698011
id20877,8.587112305506873e-06,0.9994623634550792,0.0005290494326152854
id04318,0.7088506859248451,0.06263699307323033,0.22851232100192442
id18299,0.03854042872079844,0.9394591360640513,0.022000435215150212
id08126,0.03816031908255607,0.0005463787163669287,0.961293302201077
id14293,0.17452076686211548,0.0026360896996759854,0.8228431434382085
id12759,0.9853971815962255,0.004438392562933608,0.010164425840841066
id11983,0.23518882843085887,0.11333624966414656,0.6514749219049946
id05580,0.3236996823390316,0.5235113881909179,0.15278892947005046
id25846,0.24280473038662423,0.6513433552468766,0.1058519143664992
id01939,0.486026938814075,0.04119090816973869,0.47278215301618637
id26327,0.26857695491264594,0.28130500242050566,0.45011804266684846
id11068,0.03799077938086283,0.021010724652467422,0.9409984959666698
id08404,0.9877407725610325,0.0005306241784948702,0.01172860326047254
id27189,0.946996739971356,0.04647539066091055,0.006527869367733469
id15119,0.10059979335050827,0.8495124969765198,0.049887709672971896
id26525,0.9612043010497663,0.019096265998404766,0.019699432951828983
id03618,0.7317768978751258,0.1498671511308774,0.11835595099399678
id27220,0.9822059447201031,0.012073987338933593,0.0057200679409632645
id18777,0.24346418106169762,0.04219206816756677,0.7143437507707355
id20213,0.9024601650292836,0.043426319967378745,0.05411351500333761
id20403,0.7434902079993567,0.11264998796354024,0.14385980403710308
id03777,0.21666969747148748,0.17077548971276735,0.6125548128157451
id10595,0.20059988919237945,0.7588744376559023,0.04052567315171822
id13816,0.5356066501588133,0.024213985076806225,0.44017936476438063
id05667,0.07344460743832615,0.04167826961834624,0.8848771229433277
id24629,0.7141062329086586,0.030424336376588444,0.2554694307147529
id20398,0.24084628664338112,0.29026449669323706,0.46888921666338174
id14108,0.018242284661109887,0.012169324496624313,0.9695883908422659
id06196,0.017693378470172372,0.9720547153459782,0.010251906183849394
id02800,0.15190444934642489,0.6644693306135818,0.18362622003999318
id18732,0.011437074876795008,0.9792571533789782,0.00930577174422673
id11915,0.004131468240076591,0.9943981791482586,0.001470352611664819
id09739,0.7865513938268354,0.15912935112591461,0.05431925504725012
id24672,0.9914926244077946,0.005766228415119441,0.002741147177085858
id00414,0.0002803841778488408,0.5031029366231775,0.4966166791989736
id16307,0.8925667633068991,0.05045489279638731,0.056978343896713614
id14043,0.14698639898343568,0.026133552012845382,0.8268800490037189
id00517,1.1870603473151787e-07,2.003956147557631e-06,0.9999978773378178
id09744,0.4732159394451679,0.5226714339156757,0.004112626639156413
id19257,0.9089847729546539,0.04086669385756172,0.050148533187784367
id15437,0.8763619539024979,0.11333334639374106,0.010304699703760838
id16352,0.21842889631004883,0.03800042539432818,0.743570678295623
id18849,0.3196852105995973,0.03613994554103585,0.6441748438593667
id19434,0.0014311715692324316,0.9972029217678148,0.0013659066629527516
id17928,0.12417001619000244,0.015318203874068024,0.8605117799359294
id16896,0.048918660888668454,0.017386537662837667,0.9336948014484938
id02135,0.11319544797588235,0.3851322748711644,0.5016722771529533
id15075,0.9150661286107551,0.02543855322326893,0.059495318165975954
id27486,0.0024043223863139986,0.9884299546796046,0.009165722934081499
id19422,0.7933599458404262,0.08706360870692892,0.1195764454526447
id09603,0.23544862630101643,0.7116320542213641,0.05291931947761954
id02133,0.45596394203883306,0.477904514789882,0.06613154317128514
id03441,0.9127786917845625,0.002511537059359752,0.0847097711560778
id02398,0.39812996662714845,0.5877333573574282,0.014136676015423313
id05152,0.044480782669574136,0.03789785834659648,0.9176213589838295
id17838,0.6796102649007819,0.05240663921910776,0.2679830958801103
id25060,0.7743498076267203,0.22057787968614742,0.005072312687132212
id09998,0.1903407161167843,0.1245977742013004,0.6850615096819154
id01828,0.06456264406922133,0.7445376600721395,0.19089969585863925
id25377,0.5128694427147291,0.10735239138702156,0.3797781658982493
id22175,0.010715508780629327,0.986676217991648,0.0026082732277227564
id02974,0.2546052963502855,0.018464878236044896,0.7269298254136697
id26955,0.9920741601625893,0.007681493218825209,0.0002443466185853233
id21091,0.9807444131901846,0.014762880207858962,0.004492706601956469
id12802,0.9816782699437667,0.00633776476491028,0.011983965291323005
id07432,4.21369497960628e-05,0.9998267348970722,0.0001311281531316252
id18749,0.42665041695912576,0.2557919288258622,0.317557654215012
id15030,0.0010344773520065713,0.027902658568670875,0.9710628640793225
id17155,0.016553978640422885,0.9092123091560118,0.07423371220356521
id08128,0.01911303269216111,0.48604094147760407,0.4948460258302349
id25706,8.172139830429753e-05,0.9516231306616728,0.048295147940022785
id15645,0.9115388301530793,0.053805658214293124,0.03465551163262742
id04943,0.7265923857464641,0.061719874629503325,0.21168773962403267
id27566,0.0037251437089385496,0.0007065660130150502,0.9955682902780465
id11765,0.7464135100050655,0.05691729320644799,0.19666919678848652
id13783,0.311656877815795,0.5912249393331419,0.09711818285106313
id00492,0.03706047032933391,0.010581758397275072,0.952357771273391
id27636,0.04654215033893105,0.13211097865886004,0.821346871002209
id04273,0.9007332176054302,0.071858518967895,0.02740826342667484
id02537,0.32939434757028374,0.16274968471532764,0.5078559677143886
id24349,0.7156747103206307,0.2578866525228243,0.02643863715654495
id00023,0.0003446724006589949,0.9890642158267029,0.010591111772638264
id23025,0.05330408456626511,0.9449168802857683,0.0017790351479665745
id08722,0.8734628956105417,0.058545115571925946,0.06799198881753223
id02420,0.9952155250287207,0.004592142514675025,0.00019233245660415355
id10811,0.9003023047925345,0.021443386278072952,0.0782543089293926
id04019,0.0013949110102359742,0.047818124346381594,0.9507869646433825
id18334,0.836739609058103,0.0926412353254462,0.07061915561645087
id16781,0.621616603088775,0.18058240827964495,0.1978009886315801
id08773,0.8455420828182078,0.07345420224756094,0.08100371493423135
id19214,0.25376951149527804,0.43600837676346255,0.3102221117412594
id09589,0.0426283001262488,0.5939191326442416,0.3634525672295095
id24246,0.8755795516817106,0.10529271899752354,0.019127729320765924
id23577,0.8437484527869784,0.14049738745860063,0.015754159754420956
id09305,0.8361259478575515,0.032384902565301035,0.13148914957714758
id16460,0.7791149918439981,0.06998298339865938,0.1509020247573425
id21115,0.8994039344448673,0.043266813635562625,0.05732925191956998
id25996,0.4453081755465542,0.06963931524325033,0.4850525092101955
id02551,0.012562649329345253,0.011887168456469565,0.9755501822141851
id19352,0.022898707866471326,0.0018830185393777258,0.975218273594151
id03806,0.04484194569691903,0.011742362562765759,0.9434156917403153
id26544,0.9291654093787534,0.017194036643259126,0.05364055397798757
id18761,0.9800235482931999,0.009011411556525937,0.010965040150274033
id24148,0.18344840525898165,0.7902084122891948,0.026343182451823547
id16095,0.07068711208269471,0.8320833501890667,0.0972295377282386
id18442,0.5095738783688433,0.1433594441159337,0.347066677515223
id22596,1.035905763464317e-06,8.622771776343274e-07,0.999998101817059
id23002,0.1897344876476604,0.021432761940869273,0.7888327504114703
id04797,0.987425523234303,0.006748152170991408,0.005826324594705631
id06610,0.1033641593524694,0.01224089724358945,0.8843949434039412
id16173,0.5312336722341071,0.24026988218617992,0.22849644557971294
id18292,0.2465288970669364,0.30457092346370923,0.4489001794693544
id27328,0.9569282997096812,0.012937688811408913,0.03013401147891009
id01695,0.29461508915416196,0.6835650005734162,0.021819910272421795
id05761,0.6592874401955724,0.06409990894751522,0.2766126508569123
id16354,0.9767381914712322,0.008532896000672719,0.014728912528095061
id12207,0.11701856617975215,0.5748068459507427,0.30817458786950513
id05665,0.2629587295193412,0.0032791905240277643,0.7337620799566311
id01911,0.8208586660501532,0.09541669489854433,0.08372463905130238
id19153,0.04664785660439548,0.019617803114089807,0.9337343402815147
id10295,0.3408406248750185,0.029829506836059887,0.6293298682889216
id23038,0.6414516690370786,0.24576904450058767,0.11277928646233369
id23783,0.7249166917632831,0.2528623197136504,0.022220988523066497
id27879,0.9447171158660143,0.049710067351667005,0.0055728167823187276
id19190,0.20775967268739032,0.7404435010322892,0.05179682628032056
id05065,0.8935209340372942,0.03141333955465083,0.07506572640805488
id21296,0.0557506465453942,0.9067548378180716,0.03749451563653423
id13262,0.3851903349514053,0.07352826691069468,0.5412813981379001
id10333,0.8102953513730641,0.07763492714970915,0.1120697214772268
id16677,0.404325774189553,0.10906439267032594,0.48660983314012113
id01392,0.5732302325827333,0.017728226519475025,0.4090415408977916
id27874,0.7102012324637277,0.0916295311391322,0.1981692363971402
id02294,0.10993445654524092,0.6430968269373842,0.24696871651737476
id18298,0.039343644874496146,0.005630502254942107,0.9550258528705619
id06997,0.958675900043625,0.014405259878935314,0.026918840077439516
id05243,0.6601247666296952,0.12548673985765918,0.2143884935126455
id00860,0.006270909316908001,0.797506335999724,0.1962227546833679
id26681,0.9067193940514439,0.08677883504374748,0.0065017709048086425
id06020,2.680915464148438e-05,8.250605824425608e-06,0.9999649402395342
id27683,0.8750426956088165,0.032672824444352544,0.0922844799468307
id17655,0.01675278003523818,0.9830470326760731,0.00020018728868876953
id08817,0.07964683099762933,0.01454302068580172,0.9058101483165688
id11512,0.0012926747995159714,0.5218871840236979,0.47682014117678617
id00478,0.2068236507405812,0.3801266543901804,0.4130496948692385
id02116,0.974899120989072,0.006976034586160142,0.018124844424767795
id06746,0.9314236110462705,0.04577568860760583,0.022800700346123713
id03863,0.6869469931775625,0.21344065390297276,0.09961235291946469
id01802,0.7678905729825334,0.09137250527921646,0.1407369217382502
id11682,0.9642054291416595,0.009962528789570192,0.025832042068770378
id04033,0.012698426886777503,0.9697240890248211,0.017577484088401294
id09286,0.023554646500002926,0.9095753784091559,0.06686997509084114
id12904,0.925970378673252,0.034013148928996165,0.040016472397751766
id07420,0.00014970387567225866,0.00019505069702064668,0.9996552454273071
id22398,5.310708452377895e-05,0.9998283801583925,0.00011851275708378474
id00424,0.08035812627078513,0.0046622408184813224,0.9149796329107336
id20960,0.8628404860101987,0.11479893721546346,0.022360576774337837
id10267,0.8017985804263167,0.12557242746992994,0.07262899210375351
id19330,0.45440912449776066,0.03543543754941872,0.5101554379528207
id00994,0.11544201803894466,0.8113090100749231,0.07324897188613227
id10785,0.4985043954822325,0.3564624698602291,0.1450331346575384
id00955,0.2699216557620442,0.6304160370104984,0.09966230722745732
id09757,0.007357862235824448,0.9892118585764568,0.003430279187718687
id10030,0.45900934767175894,0.08578075294853725,0.45520989937970385
id22952,0.19057995787955753,0.2941805000824744,0.5152395420379681
id21955,0.0004265677849270853,0.0038143156366520774,0.9957591165784208
id07674,0.8783075223251187,0.06146296788678246,0.0602295097880989
id13760,0.437763311491328,0.5553422630747509,0.006894425433921009
id18166,0.7972023384548645,0.004745360028058593,0.19805230151707667
id23498,0.8959556797182784,0.09044068547917077,0.013603634802550724
id05296,0.9744008578947598,0.005469171619864907,0.020129970485375213
id26709,0.7760971840616936,0.13651684399619624,0.08738597194211017
id02853,0.975173871358481,0.014335015796409608,0.010491112845109438
id06800,0.6888035002962968,0.13294496174538947,0.17825153795831378
id14758,0.1903445849234552,0.789979168985272,0.019676246091272838
id12356,0.9658240849578322,0.03106725104952329,0.0031086639926446915
id21492,0.6772629515261008,0.08271290063992257,0.24002414783397663
id27540,0.0173110231505489,0.27875194231937483,0.7039370345300763
id07376,0.08768401147495047,0.7779459483417167,0.13437004018333268
id15201,0.4718774806334238,0.18192350072415653,0.34619901864241964
id23388,0.0021856475744817046,0.9919814407832152,0.0058329116423031565
id13923,0.0029478707480995,0.9946245570505088,0.002427572201391593
id00794,0.001510929562985181,0.984328002766528,0.014161067670486712
id23910,0.0394216416322623,0.028235693246060845,0.9323426651216767
id02556,0.32012245442557363,0.48296244935521204,0.19691509621921444
id22151,0.0002228643022092202,0.9995093388492282,0.00026779684856246795
id11698,0.5640519966802835,0.3267011204522134,0.1092468828675031
id11627,0.5938627443894696,0.03673515322291408,0.36940210238761617
id06340,0.9764347215910565,0.01312673345739729,0.01043854495154627
id05123,0.9687285891039883,0.005147263353727111,0.02612414754228461
id26620,0.00013159011023430395,3.097819455195964e-05,0.9998374316952137
id04002,0.06448232477341705,0.07883913491429767,0.8566785403122852
id26554,0.02081145457364647,0.8683034341176233,0.11088511130873008
id18012,0.06625742649874293,0.5402400260094355,0.39350254749182145
id12964,0.5857248922229534,0.054533567007185826,0.35974154076986076
id18965,0.07906204801013263,0.2324312422611195,0.6885067097287478
id19082,0.25181186458166677,0.09064800961533226,0.657540125803001
id26742,0.0558934621647256,0.0014372820717076771,0.9426692557635669
id15442,0.5109737574593799,0.42451545377996286,0.06451078876065719
id16647,0.7381632406150614,0.05255759301257088,0.20927916637236765
id11544,0.314186912002042,0.016988046264221412,0.6688250417337366
id20581,0.5668262887926488,0.052887654060401024,0.38028605714695013
id13192,0.4549757059972064,0.25289248931649444,0.2921318046862992
id15814,0.16808503097631827,0.6243820180635231,0.2075329509601587
id26279,0.3409205605395018,0.6383357240073334,0.020743715453164776
id00240,0.7649778438290978,0.08666067925712095,0.14836147691378115
id22836,0.9468778024731769,0.013813622252794288,0.03930857527402888
id15085,0.0036158308913414737,0.9340533356943471,0.062330833414311275
id17495,0.6989824995820191,0.04935562325360101,0.2516618771643801
id26762,0.7659229082720196,0.19378849208914456,0.04028859963883589
id13685,0.9921727664461015,0.00016924333092571434,0.007657990222972676
id16560,0.10221831122778802,0.8871453733144209,0.010636315457791028
id17184,0.00038728739773353105,0.9993912915075326,0.00022142109473398446
id21635,0.9984144071436083,0.0007737592983322479,0.0008118335580594437
id26751,0.31963138228502314,0.6291983388252652,0.05117027888971155
id12351,0.8929491109167719,0.012305871146126527,0.09474501793710174
id14872,0.5053809145477448,0.20414115873397048,0.2904779267182847
id18372,0.9712334520357914,0.014771883262534011,0.013994664701674544
id26851,0.7491715772184406,0.13415199340189546,0.11667642937966397
id22659,0.6350226503453331,0.3623463747030856,0.0026309749515813123
id04102,0.005157424795464117,0.00033314377610843364,0.9945094314284274
id02353,0.004882868831769208,0.9921044700503666,0.003012661117864288
id26721,0.9900581056942596,0.0077766950098854945,0.0021651992958549174
id11171,0.36752027333731757,0.11505682397708594,0.5174229026855965
id13562,0.4569897214947248,0.38705164851775037,0.15595862998752474
id26425,0.7064116276606952,0.04917520083017588,0.24441317150912878
id26394,0.3883712919144504,0.37232328470146997,0.23930542338407962
id22187,0.6048930406426003,0.24960143586273073,0.14550552349466903
id00422,0.9913183862410109,0.0005571775279725249,0.008124436231016495
id22667,1.0878827315451364e-05,0.9999827123141466,6.408858537895802e-06
id00911,0.67317549177773,0.2012950874895303,0.12552942073273982
id17291,0.7327216937403634,0.041339628180675506,0.2259386780789611
id01915,0.3527453319297549,0.28561013762107884,0.3616445304491663
id01434,0.208727513323624,0.1429501668605331,0.6483223198158429
id01584,0.33832184955196665,0.13945810485844004,0.5222200455895933
id09266,0.9884112904248923,0.007637793634599186,0.003950915940508571
id17494,0.03686404225704038,0.9591742140547879,0.003961743688171688
id24919,0.33571887009921647,0.233166362439658,0.4311147674611255
id21043,0.07065909968251656,3.991121125026426e-06,0.9293369091963585
id17796,0.06301837914636692,0.9308731882546223,0.006108432599010853
id02166,0.04191451594370842,0.03499782432603798,0.9230876597302535
id17503,0.9872476400107537,0.010176139111183957,0.0025762208780622654
id21203,0.7750979189256267,0.07241213213762354,0.15248994893674972
id25626,0.9997997317540251,0.00019307235387241406,7.1958921024083965e-06
id09836,0.9906365575028628,0.007592094105977654,0.0017713483911594573
id24202,0.06470006222657278,0.3074556712185234,0.6278442665549039
id27260,0.6053128271047772,0.1740117525454195,0.22067542034980334
id23167,0.006323727702845765,0.0004824865730828885,0.9931937857240715
id10393,0.048217268890799955,0.9334134874769076,0.018369243632292573
id01171,0.9934219161845396,0.004650638532996031,0.0019274452824643699
id06380,0.9577919212811821,0.016552242263357615,0.02565583645546023
id22686,0.1724783569069915,0.003694666525293131,0.8238269765677153
id26250,0.29284425470926867,0.04663279039934518,0.6605229548913861
id09315,0.2452111447722422,0.6943118802900312,0.060476974937726614
id00886,0.08897773610917166,0.32486859345309727,0.586153670437731
id03101,0.889914048593091,0.0359220789982531,0.07416387240865575
id12367,0.8356201907766879,0.05766809924003467,0.10671170998327736
id10770,0.6809428942842511,0.07461852277677632,0.2444385829389725
id14949,0.3835957341282499,0.5439486863327407,0.07245557953900934
id14141,0.013321778082622806,0.980129732893645,0.006548489023732087
id25417,0.7437368147130144,0.19081959602087809,0.06544358926610748
id26873,0.7826208498352233,0.06167961518771562,0.15569953497706107
id10818,0.16856614659154376,0.06425837557199855,0.7671754778364577
id15146,0.765367485835114,0.049463240730424726,0.18516927343446124
id23328,0.7871513793773649,0.14720948306244255,0.0656391375601926
id16765,0.777713172495132,0.20479898636736374,0.017487841137504227
id24383,0.8785000537608025,0.0032433488190083577,0.1182565974201891
id21304,0.8252830366806804,0.07441296613531598,0.10030399718400355
id12551,0.03164166894671093,0.9562808230667937,0.012077507986495251
id23274,0.2163303584083804,0.20893480312117763,0.574734838470442
id08117,0.7583652488507949,0.0984715021745487,0.14316324897465627
id23961,0.9062002105217593,0.05098596884701196,0.0428138206312287
id13865,0.08875199746252803,0.8317302944147072,0.07951770812276464
id22807,0.21079054986118193,0.1647463767489478,0.6244630733898703
id08951,0.4650898916207007,0.11475067622228126,0.42015943215701795
id18684,0.9778349820326303,0.012146938939746006,0.01001807902762373
id25179,0.2907315546340514,0.5428508442381278,0.16641760112782067
id27033,0.9309851033886987,0.05633662796959191,0.012678268641709395
id13977,0.09854960053718112,0.34363671791425,0.5578136815485689
id19337,0.0007692642841573413,0.9958723566324438,0.0033583790833989174
id25764,0.0003678049359468114,0.9993710433631947,0.0002611517008584864
id16106,0.04773278028389821,0.1211291104253737,0.8311381092907281
id05468,0.03093500840076878,0.0038285411286661667,0.9652364504705652
id05241,0.880642633118366,0.017453290448234036,0.10190407643339988
id10215,0.6668100195873964,0.09991714259791892,0.23327283781468458
