id,EAP,HPL,MWS
id02310,0.3234020877051138,0.11095773152549152,0.5656401807693947
id24541,0.6924905552724877,0.1767681092735336,0.1307413354539785
id00134,0.402007477937696,0.5441895348582616,0.05380298720404241
id27757,0.5617154632706544,0.3471605180712813,0.09112401865806437
id04081,0.7862223426222192,0.10148950643494299,0.11228815094283778
id27337,0.6026290805640253,0.31243730235691874,0.08493361707905592
id24265,0.564681886400206,0.39206166549886673,0.043256448100927186
id25917,0.18582236311894654,0.3151008949036528,0.49907674197740054
id04951,0.908941032407338,0.06361044717309437,0.02744852041956755
id14549,0.7317603241645213,0.06529230071026591,0.20294737512521274
id22505,0.18672624587065817,0.46361234430232307,0.34966140982701877
id24002,0.08342708774334029,0.8747218372503694,0.041851075006290164
id18982,0.24301469646248924,0.3823693349932757,0.3746159685442351
id15181,0.19977700476537572,0.752950106205091,0.047272889029533444
id21888,0.5339421553244464,0.17484608011441585,0.29121176456113773
id12035,0.03178143708587548,0.025729164673693256,0.9424893982404313
id17991,0.3769386948060316,0.12396550560830133,0.49909579958566713
id10707,0.986093673215165,0.00564495974436882,0.008261367040466278
id07101,0.417279573386207,0.3145238826718648,0.2681965439419281
id00345,0.7403075154234157,0.17906468138032475,0.08062780319625962
id05912,0.7229204988102815,0.13842010095768603,0.1386594002320325
id13443,0.7877563495447214,0.08770003882309464,0.12454361163218405
id09248,0.2611805508872384,0.1678175216103191,0.5710019275024425
id17542,0.2837450748917531,0.6496975629392265,0.06655736216902033
id06995,0.11166314439520035,0.034405361707737524,0.8539314938970621
id25159,0.7124599317610771,0.09187044409710618,0.1956696241418167
id25729,0.5391486895770706,0.3619935948932156,0.09885771552971379
id26949,0.7909548700567602,0.12448880742825291,0.08455632251498674
id27191,0.28776014898087,0.2742380944944821,0.43800175652464796
id07668,0.25547549368040007,0.07443004139980948,0.6700944649197904
id02230,0.23579626952984598,0.40303822521317817,0.36116550525697577
id15553,0.9120583732188268,0.04861121358902417,0.039330413192149104
id25688,0.08456227244132293,0.8258966580082302,0.08954106955044674
id17545,0.6377578352565033,0.26780025706093347,0.09444190768256326
id13929,0.30381833491640864,0.4808189318464732,0.21536273323711816
id12880,0.5047146480224949,0.21928253001691678,0.27600282196058834
id19282,0.48126937103132816,0.15465585404543664,0.3640747749232351
id14690,0.06984880846089142,0.027540276469676033,0.9026109150694325
id17975,0.3046189695634329,0.5139598060292099,0.18142122440735722
id08037,0.400238851453029,0.09594735725747083,0.5038137912895002
id15412,0.2943918292990638,0.08343192563232556,0.6221762450686107
id25032,0.13626660881646596,0.08477476327141475,0.7789586279121193
id27165,0.8578634178379315,0.06635010247805313,0.07578647968401535
id03327,0.5959829047733646,0.23477569482700655,0.16924140039962882
id18515,0.562230219119443,0.1141326457897207,0.32363713509083625
id21003,0.35349418555732753,0.11650755124291315,0.5299982631997594
id23855,0.10801084021008385,0.764090659272707,0.1278985005172091
id20724,0.7853462364914647,0.1349597617612718,0.07969400174726347
id13303,0.5589330329949265,0.15161319979685126,0.28945376720822236
id16521,0.050723340530405475,0.19260871944553956,0.756667940024055
id20775,0.89962229315969,0.076009929473753,0.024367777366556858
id13029,0.8046955276547882,0.0919784458400924,0.1033260265051194
id14660,0.7113892966017714,0.18613287417616928,0.10247782922205921
id11028,0.03135105895257085,0.010902812657972162,0.9577461283894569
id14180,0.9128405978667233,0.04300640656512845,0.044152995568148314
id25860,0.9484203212840514,0.04034813433300217,0.011231544382946244
id11910,0.6397483406755252,0.10594348461136749,0.25430817471310746
id08065,0.43191568705244243,0.22758228641453407,0.34050202653302336
id22674,0.13606617311663471,0.15374633323281645,0.7101874936505489
id25018,0.314316243416843,0.0708135977662653,0.6148701588168918
id10892,0.36694921339812486,0.5135499573303706,0.11950082927150453
id10217,0.34609051293460735,0.5846203840412773,0.06928910302411546
id12996,0.3398880177257529,0.3845433153968747,0.27556866687737247
id18262,0.2942354364241922,0.24560940284698496,0.46015516072882284
id08606,0.0482035296710778,0.9078055823885977,0.043990887940324595
id17233,0.6929791940328306,0.11291069357724563,0.19411011238992376
id00101,0.5108970139868992,0.15132336550059114,0.3377796205125096
id12225,0.6335763614841939,0.15670915546965428,0.20971448304615176
id01364,0.14209194864957866,0.7721899537707051,0.08571809757971643
id24973,0.8032865542777377,0.07552011626533442,0.12119332945692796
id25363,0.7298556307228786,0.08569086249363922,0.1844535067834822
id10061,0.5379680379645562,0.06460258050676702,0.3974293815286768
id17673,0.2900181277532454,0.4026491452411134,0.30733272700564124
id13249,0.41552974490069833,0.18086755184685324,0.40360270325244846
id10107,0.10481836154903623,0.09694835381446651,0.7982332846364971
id04403,0.7917889512710274,0.0797432738109085,0.12846777491806416
id25728,0.7985535948138349,0.05525990626632207,0.1461864989198429
id16184,0.4828626182104613,0.10458844397518746,0.41254893781435126
id03438,0.08663844523606117,0.010278006473030793,0.9030835482909081
id22923,0.33750039377013735,0.5808183964579321,0.08168120977193065
id08610,0.7995091973203997,0.10381562523032563,0.0966751774492748
id25355,0.23657783885284325,0.1759083884965298,0.587513772650627
id16916,0.42537628050281984,0.4792279698069862,0.09539574969019395
id12793,0.3964109282988996,0.45027554274826315,0.15331352895283729
id11859,0.6283212087251615,0.07639605229089316,0.29528273898394536
id02434,0.9022568830717763,0.060519624278521894,0.03722349264970184
id27703,0.06352778231853042,0.06784339963138061,0.868628818050089
id25212,0.27172218301557993,0.6349540972145532,0.09332371976986685
id11308,0.11541431175259338,0.2724269743428905,0.6121587139045161
id26094,0.5802924140468376,0.2760916710052465,0.14361591494791578
id22080,0.7751234140490348,0.21774960929534942,0.007126976655615783
id03545,0.738092521347681,0.21887142174682564,0.04303605690549346
id23725,0.100480674919422,0.07746493216645807,0.82205439291412
id12009,0.579300322653574,0.2453694667777933,0.17533021056863254
id24241,0.39767465643952676,0.4029724169356248,0.19935292662484846
id03596,0.20025056087289547,0.6435138394495593,0.15623559967754527
id10749,0.221621403464234,0.49014207189623094,0.28823652463953503
id22794,0.0469455160083466,0.09180718767739782,0.8612472963142557
id15482,0.29077967755704637,0.19228997376307402,0.5169303486798795
id04833,0.4977640060723051,0.3387145136728906,0.1635214802548043
id00397,0.2663942620726666,0.01763731322693939,0.7159684247003939
id14691,0.28740160406469495,0.11894364639505627,0.5936547495402488
id05193,0.20035080554011414,0.1427515649022084,0.6568976295576774
id19541,0.7952832016365172,0.13458937350781985,0.07012742485566292
id22166,0.0488040268513503,0.0521626790346239,0.8990332941140258
id20744,0.20110309584155675,0.24279422498832592,0.5561026791701174
id10392,0.034200040348332225,0.053382592613547865,0.9124173670381199
id00770,0.8430607100387764,0.1021731317499304,0.05476615821129313
id06018,0.1692189460821309,0.7089626188950866,0.12181843502278251
id15678,0.33719519759044053,0.16131680701081152,0.501487995398748
id08305,0.7849430192599663,0.145141473389093,0.0699155073509406
id08903,0.5350607645948234,0.18487642958316855,0.280062805822008
id14752,0.5681333443226734,0.3131916583622253,0.11867499731510135
id12468,0.3081103711438772,0.6354549626900765,0.056434666166046234
id05085,0.5504959729458385,0.283773935355418,0.1657300916987435
id21993,0.15147436939827447,0.023341905338264368,0.8251837252634612
id15503,0.5593373291378368,0.3509753543101746,0.0896873165519885
id03021,0.05445571635366452,0.8523866292948445,0.09315765435149097
id16123,0.907120053928496,0.04370399195852042,0.049175954112983485
id19383,0.8561523164958448,0.09015581161154454,0.05369187189261075
id04186,0.9497655397360178,0.025795526097131663,0.024438934166850498
id17954,0.05386755354117863,0.022085018276807165,0.9240474281820141
id12030,0.217517440700096,0.03506255241477411,0.74742000688513
id13020,0.6621007143533758,0.26258552331169044,0.07531376233493368
id25327,0.1355553343948924,0.574624035866029,0.28982062973907874
id16344,0.195941061668621,0.18865944515414257,0.6153994931772365
id12303,0.3101764681347046,0.5722724957713395,0.11755103609395584
id15017,0.8712492701565729,0.05371661079073842,0.07503411905268868
id22308,0.4459367499930478,0.10185773204250724,0.45220551796444486
id06536,0.15607363849096142,0.21235264489875566,0.6315737166102829
id19797,0.08802832100945115,0.7145967041703708,0.19737497482017807
id06332,0.3546805543784377,0.41512129208856346,0.23019815353299877
id22941,0.27542910141737603,0.3704029541580856,0.35416794442453836
id13547,0.06116277170702924,0.426945005931889,0.5118922223610818
id06928,0.22794486179749704,0.04246131085004184,0.7295938273524611
id12521,0.5937035931305394,0.24545814741424923,0.1608382594552113
id25716,0.6512395272749254,0.05395271793041081,0.29480775479466376
id27116,0.0025779931095738767,0.000922265008978125,0.996499741881448
id19941,0.23531135196047773,0.6613079164695749,0.10338073156994741
id05711,0.0421532707136659,0.09564305395645199,0.8622036753298822
id02097,0.06366853940495505,0.1580638719606941,0.7782675886343509
id03563,0.0554110785208673,0.919471530145807,0.025117391333325596
id02295,0.309109610679224,0.4211392418379199,0.26975114748285617
id08179,0.9080399777576066,0.0467544613725884,0.04520556086980508
id05332,0.17077563898802736,0.7150437108539933,0.11418065015797944
id15697,0.44789643614335595,0.2533218382546191,0.2987817256020249
id17026,0.35257336862626587,0.15542063091625544,0.49200600045747866
id04243,0.7129121602867008,0.1765882177026359,0.11049962201066331
id13175,0.8778756952821755,0.06950146943688215,0.0526228352809425
id05387,0.7595376923000624,0.12308571450070883,0.11737659319922862
id19989,0.5578817107859881,0.24750196433828667,0.19461632487572517
id25173,0.3255746492361001,0.19963274684661797,0.47479260391728206
id08925,0.1317333528438611,0.8144864948908368,0.0537801522653021
id03034,0.06475298474068056,0.7136679976065512,0.22157901765276813
id13272,0.16324792881500957,0.6944728729167461,0.1422791982682444
id07956,0.834263567803449,0.09386244068314123,0.0718739915134097
id02648,0.13706523391552142,0.034480550857677754,0.8284542152268007
id01778,0.3692108624331164,0.030466077157295712,0.6003230604095878
id12846,0.03360099106360035,0.03798809500842518,0.9284109139279745
id19001,0.27155050119463786,0.10607151311845449,0.6223779856869077
id05763,0.7367343892406659,0.0916775820884438,0.1715880286708904
id15590,0.1210852182860001,0.048400969377799696,0.8305138123362003
id04912,0.48022711080017383,0.21990236976034425,0.299870519439482
id21201,0.6822383057741952,0.1926809097761923,0.12508078444961251
id13215,0.9570434744560733,0.01901351088394183,0.023943014659984864
id15612,0.1145449226718951,0.7560802725967103,0.12937480473139462
id18501,0.33636239758486175,0.1550503224637741,0.5085872799513642
id07223,0.2872779747795527,0.6188427131105811,0.09387931210986623
id06707,0.5275910727646641,0.27258455837658924,0.1998243688587466
id05238,0.04703291654382212,0.9180334136839606,0.034933669772217214
id00935,0.16936492314201387,0.38245915116973644,0.44817592568824977
id00110,0.542744692012803,0.2897401433279248,0.1675151646592722
id17476,0.6595804633495379,0.22834867141932186,0.11207086523114022
id15170,0.7290071984155737,0.10900439551956956,0.16198840606485673
id13397,0.4070822155718067,0.20057087810762364,0.39234690632056973
id24283,0.5888062102107385,0.309061304442994,0.10213248534626747
id15234,0.8981017048452534,0.06089281528103947,0.04100547987370715
id16884,0.5884702956819137,0.25048215670107343,0.16104754761701287
id07831,0.21575611292704105,0.5629155238980259,0.221328363174933
id16038,0.8110806100632078,0.1288597676645884,0.060059622272203815
id03629,0.7643384301908434,0.11252644859114075,0.12313512121801584
id21019,0.6279481568680975,0.2376912610637795,0.1343605820681231
id21835,0.45142659522832396,0.19096184845338074,0.3576115563182953
id04480,0.3099357118151495,0.6223161028857509,0.06774818529909961
id20838,0.5881951039309331,0.32007077451241295,0.09173412155665399
id24195,0.2423102253683497,0.3177757236797399,0.43991405095191044
id05448,0.5611331097445232,0.28677957828523737,0.1520873119702394
id15957,0.07314186061973943,0.8851326144178626,0.041725524962398
id19956,0.09182539255878418,0.030980160083142562,0.8771944473580732
id15104,0.12067100609143563,0.25510526810513556,0.6242237258034288
id17559,0.5014095147677659,0.33150497018513675,0.16708551504709745
id16839,0.5732625861673705,0.12234156942497891,0.30439584440765066
id14493,0.479800393650254,0.09163511098108741,0.4285644953686586
id08833,0.5730087463585205,0.10671580028826387,0.32027545335321567
id15723,0.15789210989611552,0.19988818097389743,0.6422197091299869
id02716,0.7743447286128653,0.16292650729170696,0.0627287640954278
id06689,0.15026115934694242,0.7588875022303134,0.09085133842274416
id18837,0.32785684036591406,0.3828503637708147,0.2892927958632712
id04466,0.7567236723587105,0.165370631388318,0.07790569625297149
id00686,0.7826106438394376,0.07774385964917757,0.13964549651138503
id09010,0.2630881260324038,0.6576710804906972,0.07924079347689891
id23353,0.8854505581509933,0.04607753087184651,0.06847191097716021
id00066,0.5599894809663527,0.17223003244815263,0.2677804865854948
id15724,0.2052050223635141,0.6225561666462514,0.17223881099023447
id23486,0.24615083935274915,0.01823555901119178,0.7356136016360592
id22258,0.06421494289289244,0.06661867173759956,0.869166385369508
id02292,0.6960974006485,0.1299188327211055,0.17398376663039436
id16356,0.5511702712493872,0.08115909964087738,0.3676706291097354
id00235,0.8134292193625909,0.07844264692359569,0.10812813371381345
id25522,0.2915279826333662,0.07603599668487251,0.6324360206817613
id04204,0.22363800108969045,0.6721608684765276,0.10420113043378194
id22016,0.6209612761606578,0.15027535279994053,0.22876337103940164
id06480,0.21016822547028774,0.7155751034706854,0.07425667105902678
id08718,0.32790411513731943,0.19074965129832233,0.48134623356435835
id05251,0.12099635787455411,0.7353952496389082,0.1436083924865376
id03359,0.5101153053952542,0.32686806501565135,0.1630166295890944
id16117,0.14790675985665447,0.0267398378115537,0.8253534023317918
id17000,0.08936476636207753,0.857146130971454,0.05348910266646843
id01730,0.27703564682443954,0.6086334823692537,0.11433087080630669
id00630,0.8240762984875271,0.11795844934864905,0.057965252163823984
id18175,0.24918830220398433,0.13157452989635984,0.6192371678996558
id00907,0.5454775348768157,0.1448876866936725,0.3096347784295118
id18251,0.12883662939859214,0.8297191429896833,0.041444227611724636
id25861,0.6991936554249889,0.15002047517965006,0.15078586939536112
id00398,0.5012305537477787,0.3525354332641283,0.146234012988093
id27573,0.8969451338557501,0.04265958933233353,0.06039527681191638
id10022,0.0711913563285689,0.7276407252894872,0.2011679183819439
id15901,0.28166874023023786,0.0830389306648903,0.6352923291048719
id00451,0.3103144059391673,0.09973342308166823,0.5899521709791645
id23129,0.23970452852511556,0.6453998344857366,0.11489563698914786
id26498,0.36465235946031066,0.3192210758623129,0.3161265646773765
id14741,0.4625966542326995,0.1718242639483691,0.3655790818189314
id18453,0.34461052046140356,0.08771797153170459,0.5676715080068918
id08309,0.800184325671318,0.1437967928839765,0.05601888144470559
id00320,0.8113870036484917,0.09013157652588612,0.09848141982562215
id07688,0.19257799729973288,0.06862398062615224,0.7387980220741148
id01556,0.13085855656897957,0.018678808794641504,0.8504626346363791
id00178,0.22560136068648254,0.12619647747502005,0.6482021618384973
id18902,0.19249980535458963,0.36045674162756447,0.44704345301784587
id27002,0.5497492529406233,0.4034735883568757,0.04677715870250108
id21418,0.8926500178087071,0.06260464134822084,0.04474534084307207
id23018,0.4386733318611123,0.22791564773476458,0.3334110204041232
id07032,0.34315704550789744,0.46356123901315893,0.19328171547894366
id16195,0.517804446525749,0.10496867414785366,0.3772268793263973
id11202,0.22910030928633507,0.41556606432584287,0.355333626387822
id09578,0.43587924177285303,0.103409663384291,0.460711094842856
id26984,0.6871943314072265,0.07409454725115346,0.2387111213416201
id19856,0.16841090587293317,0.7842353578509095,0.047353736276157354
id12086,0.5105016518099798,0.08907302991658256,0.4004253182734377
id12052,0.15164343134578373,0.08548175500634042,0.7628748136478758
id17728,0.09329005149882358,0.05275370896109848,0.853956239540078
id24608,0.5618602441431835,0.22168008832889605,0.21645966752792045
id21097,0.21746868448152584,0.22184146719426412,0.5606898483242101
id20179,0.061763235956871984,0.06317574851573186,0.8750610155273961
id15144,0.4769622349478481,0.40140870284061864,0.12162906221153331
id00206,0.8966739719216069,0.04146421583576593,0.06186181224262719
id22285,0.26735664462032305,0.05940717029755744,0.6732361850821196
id06417,0.33926405401100757,0.4089070903781682,0.25182885561082424
id00215,0.08860454425660927,0.8801140164321101,0.031281439311280634
id04201,0.24959662126037852,0.08204163059533726,0.6683617481442842
id21771,0.7883357222196569,0.12337405904671037,0.0882902187336327
id12451,0.17953960487988974,0.2679137891259319,0.5525466059941784
id14250,0.12474548958071714,0.7072059855088839,0.16804852491039884
id03433,0.1704862341853116,0.6275615828253156,0.2019521829893729
id03303,0.29246214333410936,0.14134354595513834,0.5661943107107523
id25901,0.29197671361148625,0.44349389577523984,0.26452939061327374
id06945,0.7022671509523952,0.11180215203782458,0.1859306970097803
id05664,0.35729984742445353,0.49435456704281683,0.14834558553272967
id05741,0.940771924116603,0.03525221800624438,0.023975857877152524
id10652,0.41953005602069704,0.3095430991038841,0.27092684487541885
id16300,0.7439367568279395,0.09388633061770527,0.16217691255435523
id12319,0.3794941802025911,0.25405032791293813,0.3664554918844708
id07500,0.10844865993275313,0.8587715667249814,0.032779773342265436
id12478,0.15020617676460618,0.462210681421756,0.3875831418136379
id03076,0.4845028698075224,0.06421649838032974,0.45128063181214784
id00969,0.283251931822913,0.5019440528173936,0.21480401535969354
id23636,0.17241007740026643,0.6631475113432875,0.16444241125644596
id09791,0.15566366186227462,0.16652339189366083,0.6778129462440645
id05680,0.16898083235557906,0.408410558591871,0.42260860905255
id03672,0.23730286490893146,0.5568325662314756,0.20586456885959303
id04286,0.07954193054736132,0.7490813009842807,0.17137676846835803
id23883,0.11933363668366304,0.42626223999654617,0.45440412331979074
id11914,0.5846220535888106,0.1631820781615876,0.25219586824960194
id20974,0.09293277092632354,0.8392435686470694,0.0678236604266072
id26125,0.25398349803646897,0.374400660897586,0.371615841065945
id15543,0.37845141841353563,0.24322362280156498,0.37832495878489925
id19471,0.8623943951923475,0.052064020102545024,0.08554158470510743
id11503,0.5541590175030687,0.32253569269970433,0.12330528979722696
id09321,0.10871590824410528,0.6446839859380079,0.24660010581788677
id25560,0.01754746106160797,0.015913889322930114,0.9665386496154619
id06726,0.3010065057182206,0.23046320983443971,0.46853028444733974
id05709,0.8025238498783832,0.06642182904176838,0.13105432107984838
id09788,0.449073608627453,0.30545565678241304,0.24547073459013385
id05289,0.8601844549143839,0.08638720111949459,0.05342834396612154
id11815,0.037651602521815576,0.9358228157943503,0.026525581683833996
id22422,0.3773207686980216,0.28693016808071103,0.33574906322126735
id25954,0.7237819791366245,0.11145595076069327,0.16476207010268232
id13601,0.3884850981880808,0.4020350724309055,0.20947982938101373
id05677,0.6734940674384569,0.14039483696267407,0.18611109559886915
id10498,0.25941831883973276,0.675054509267667,0.06552717189260024
id02665,0.49333805337926334,0.4194085244402592,0.08725342218047741
id10114,0.16539027777795715,0.6532234303535114,0.1813862918685314
id26314,0.6169832401114547,0.21843607003961837,0.16458068984892704
id21240,0.30889374400844266,0.17896459024264313,0.5121416657489143
id15569,0.860746772340912,0.06539914020694133,0.0738540874521466
id25928,0.28033750286008685,0.18317347503436918,0.536489022105544
id22706,0.2545133345855615,0.6666666019853551,0.07882006342908342
id20877,0.01153522131088264,0.9347135438176819,0.053751234871435474
id04318,0.6702957990580708,0.12038194015150154,0.20932226079042773
id18299,0.10180260597302053,0.7945547211925323,0.10364267283444722
id08126,0.14335939102350367,0.014664325929101421,0.8419762830473948
id14293,0.4697503348254567,0.06716502367904928,0.4630846414954939
id12759,0.8460270453416949,0.0701544942886211,0.08381846036968403
id11983,0.38712167964156563,0.1694487224147438,0.44342959794369047
id05580,0.39181966922066186,0.43829471862590286,0.16988561215343528
id25846,0.4582150416914441,0.3428461118674899,0.19893884644106605
id01939,0.424944401967538,0.14289814613846313,0.43215745189399873
id26327,0.2462804457560512,0.2664853624715583,0.4872341917723904
id11068,0.14733789773273961,0.07666768195748384,0.7759944203097766
id08404,0.8463804649717294,0.050170101778374415,0.10344943324989637
id27189,0.6981650623734073,0.23511918952884148,0.06671574809775123
id15119,0.20436265966830527,0.6107475437518067,0.18488979657988797
id26525,0.867109745933124,0.06069696497107003,0.07219328909580598
id03618,0.5021921884774664,0.3345427727757071,0.16326503874682657
id27220,0.8139874954627898,0.09230523005843277,0.0937072744787775
id18777,0.08864337901902632,0.018290017702349875,0.8930666032786237
id20213,0.7247489073277789,0.1364982988239048,0.13875279384831635
id20403,0.6751466498632325,0.1997639845299267,0.1250893656068409
id03777,0.2885769175689367,0.14511869389957285,0.5663043885314905
id10595,0.34732479784609177,0.43920488900009164,0.2134703131538166
id13816,0.6262012634411189,0.0621574666764238,0.3116412698824572
id05667,0.18146677810587633,0.10068606895926753,0.7178471529348561
id24629,0.6578291521287597,0.07142919805442204,0.2707416498168183
id20398,0.23848967311589472,0.22856121658783574,0.5329491102962696
id14108,0.1622307737125429,0.07255611236462932,0.7652131139228278
id06196,0.10292906341369384,0.8250006758459733,0.07207026074033294
id02800,0.2610612192664185,0.592297229723181,0.14664155101040055
id18732,0.07670339581329606,0.8725915931451945,0.050705011041509346
id11915,0.13917371631630873,0.7674339484820588,0.09339233520163251
id09739,0.6898173575315102,0.189504521837902,0.12067812063058775
id24672,0.7110866825639818,0.1481793260012969,0.1407339914347213
id00414,0.05291952713263573,0.35107308567370343,0.5960073871936609
id16307,0.6253440272702212,0.19965848551206503,0.17499748721771385
id14043,0.18947287239527333,0.10517886534694301,0.7053482622577837
id00517,0.005387824538038462,0.010563459473747651,0.9840487159882139
id09744,0.6414252113481916,0.2841770047641164,0.07439778388769197
id19257,0.7476488233163631,0.1473987577020204,0.10495241898161649
id15437,0.6294595408038091,0.3029518000273451,0.06758865916884571
id16352,0.18784765845925827,0.08180183886582074,0.730350502674921
id18849,0.38218968969161304,0.09409764909094111,0.5237126612174459
id19434,0.04814068121555718,0.912028375693061,0.03983094309138186
id17928,0.35654134125048764,0.16419302682689613,0.47926563192261623
id16896,0.11777359139816276,0.07107049828383577,0.8111559103180015
id02135,0.2732788943844287,0.43860501687990283,0.28811608873566846
id15075,0.6764710166878459,0.13245338662476136,0.19107559668739266
id27486,0.1607131555952305,0.7223934311589364,0.11689341324583298
id19422,0.5922215172924308,0.1650660038558983,0.24271247885167097
id09603,0.34795174306475696,0.5368714649572646,0.11517679197797841
id02133,0.3483919594805855,0.4150596267650087,0.23654841375440575
id03441,0.6419456963795833,0.04817267756884587,0.30988162605157077
id02398,0.2309651372327173,0.7130455388214947,0.05598932394578803
id05152,0.22882203067570409,0.09041831535564558,0.6807596539686502
id17838,0.6569441107145566,0.1050264921491696,0.2380293971362738
id25060,0.6190210664993051,0.29561239934795325,0.08536653415274152
id09998,0.29732942990606837,0.19562555634777595,0.5070450137461556
id01828,0.11013149905027902,0.6573210505763103,0.23254745037341062
id25377,0.4454498854957,0.1424644880395086,0.41208562646479135
id22175,0.1029762565073546,0.8654632608152402,0.03156048267740516
id02974,0.22463342141805376,0.10093521289217686,0.6744313656897692
id26955,0.9467157361584206,0.036904679631206236,0.01637958421037308
id21091,0.7547939995940578,0.14953288881796475,0.09567311158797735
id12802,0.9361998332232049,0.03187684716526124,0.03192331961153388
id07432,0.0838103982730305,0.8536599483387556,0.06252965338821381
id18749,0.39741541859497603,0.2988845312515303,0.3037000501534937
id15030,0.0460140657875659,0.13207058234799404,0.8219153518644401
id17155,0.2246956647671522,0.5160822472548674,0.25922208797798046
id08128,0.17037220101638287,0.44347319751347053,0.38615460147014646
id25706,0.035223662354249015,0.6523189190083498,0.3124574186374012
id15645,0.8727914162585535,0.09151370308280103,0.03569488065864545
id04943,0.7259169864341909,0.14493193002292867,0.12915108354288046
id27566,0.1459180197764405,0.053644730711553255,0.8004372495120062
id11765,0.45152643984313195,0.20319532632429727,0.34527823383257084
id13783,0.6127630904194403,0.2295552483590827,0.15768166122147703
id00492,0.1096245922269417,0.13900600962286302,0.7513693981501953
id27636,0.33933526353831095,0.23841431342091143,0.4222504230407776
id04273,0.6252105712116962,0.2365088271887129,0.13828060159959082
id02537,0.2815109151922793,0.2846795215940173,0.43380956321370345
id24349,0.639759703419275,0.29408870859295055,0.06615158798777446
id00023,0.027553847771276573,0.867150272042171,0.10529588018655237
id23025,0.2942161962968233,0.6322207787450154,0.07356302495816122
id08722,0.6811492851084769,0.12719744079948545,0.19165327409203767
id02420,0.859026127903792,0.11068972852539537,0.03028414357081283
id10811,0.7206610970142856,0.09547057834745903,0.1838683246382554
id04019,0.1449434596486494,0.15242037095543348,0.7026361693959171
id18334,0.8459306494487561,0.1008940146433206,0.05317533590792349
id16781,0.47912569167930186,0.35460658874615714,0.16626771957454103
id08773,0.6500845084562931,0.2585338686780132,0.09138162286569361
id19214,0.45929776243193954,0.26696926212210115,0.27373297544595937
id09589,0.08260132141178363,0.5842086266522599,0.33319005193595636
id24246,0.6472683991941964,0.1588028250920068,0.1939287757137968
id23577,0.6311240559297636,0.34121638159455214,0.027659562475684237
id09305,0.6725262577197172,0.07878747129812386,0.24868627098215904
id16460,0.5301135524542218,0.15765393215917606,0.3122325153866021
id21115,0.6635356175640115,0.18136696080074458,0.15509742163524395
id25996,0.4347406497528788,0.1378681051339484,0.4273912451131729
id02551,0.16176528136365984,0.08778679497855021,0.75044792365779
id19352,0.12749850893300146,0.03032387875682534,0.8421776123101733
id03806,0.22883421513563112,0.1239431879846264,0.6472225968797425
id26544,0.8558789691840035,0.03843290527651391,0.10568812553948258
id18761,0.7800900691636082,0.08679104770234704,0.13311888313404474
id24148,0.36767612430840674,0.5320940564048828,0.1002298192867105
id16095,0.10440924287040577,0.7162259579730892,0.17936479915650497
id18442,0.4751893045552059,0.2135897386713865,0.3112209567734076
id22596,0.007000254412590265,0.0019011169856563389,0.9910986286017535
id23002,0.1718218364874292,0.08523432284719891,0.7429438406653719
id04797,0.8324455635652016,0.07967160507339408,0.08788283136140433
id06610,0.18576774293806478,0.04596214645962425,0.7682701106023111
id16173,0.4165001572261104,0.3937032220184239,0.18979662075546574
id18292,0.19632118380977823,0.1884565498619228,0.6152222663282989
id27328,0.8250297721460109,0.08149425131962498,0.09347597653436415
id01695,0.29680809508320666,0.5857689680929604,0.1174229368238329
id05761,0.5859795733353044,0.08633959030905262,0.32768083635564293
id16354,0.7765309211063801,0.10813674290591983,0.11533233598770007
id12207,0.22818462184221866,0.4996516585191278,0.27216371963865343
id05665,0.29299651332729504,0.0608220112013082,0.6461814754713968
id01911,0.6230801126002223,0.25970762107211753,0.11721226632766016
id19153,0.07589731720110365,0.056676113449807386,0.8674265693490889
id10295,0.3567615491548,0.13949002565422994,0.50374842519097
id23038,0.3555899888899868,0.4563050111901909,0.18810499991982224
id23783,0.6077011507772351,0.312553313747152,0.07974553547561296
id27879,0.6661802578154726,0.2741854825423009,0.05963425964222642
id19190,0.2641269293062198,0.6926223743543957,0.04325069633938453
id05065,0.7888074975114759,0.09980241245602615,0.11139009003249799
id21296,0.3462669822099925,0.4950232237268862,0.15870979406312122
id13262,0.4359522326728176,0.1462566676459363,0.41779109968124617
id10333,0.6534083003980347,0.1470740564152784,0.19951764318668688
id16677,0.44866732660099357,0.1996004706341627,0.35173220276484374
id01392,0.5256576878377058,0.09299207441018184,0.3813502377521123
id27874,0.3302572097469167,0.2803402342000959,0.3894025560529874
id02294,0.09694454629822373,0.6460422983726347,0.25701315532914154
id18298,0.06700855829991838,0.03973779604979244,0.8932536456502892
id06997,0.8674677137888004,0.053145515038952394,0.07938677117224725
id05243,0.5959678030358305,0.11159623097196028,0.2924359659922092
id00860,0.14359539501300878,0.47545722682686603,0.38094737816012525
id26681,0.8124524281812716,0.1486705993090647,0.03887697250966363
id06020,0.03960376712253432,0.008296185608944458,0.9521000472685213
id27683,0.5629311125930193,0.11895627031973513,0.31811261708724553
id17655,0.2990651874803014,0.6384782492955335,0.06245656322416512
id08817,0.2373819749016729,0.10862599234754916,0.653992032750778
id11512,0.04241616580527006,0.22230788632376064,0.7352759478709694
id00478,0.3346240755474179,0.2190194662796844,0.44635645817289765
id02116,0.8939953387236125,0.0537707435386388,0.05223391773774849
id06746,0.8018074898722578,0.12668615855020696,0.07150635157753527
id03863,0.34534705941089644,0.4607009507879563,0.19395198980114733
id01802,0.313358726460592,0.3762926392290884,0.31034863431031967
id11682,0.8085105613725876,0.06288910676555674,0.12860033186185574
id04033,0.08127501817243855,0.8532240352751856,0.06550094655237577
id09286,0.21763707967519652,0.5523430199215147,0.23001990040328882
id12904,0.7817098308619872,0.1261126233369093,0.09217754580110352
id07420,0.10262214799308642,0.04101660637472839,0.8563612456321852
id22398,0.01802691333360883,0.9606444579555835,0.021328628710807613
id00424,0.2500400033906166,0.049899242033803255,0.7000607545755801
id20960,0.5977551199376112,0.24833209636855133,0.15391278369383762
id10267,0.678546456704727,0.12099969514228504,0.20045384815298803
id19330,0.42469169928820244,0.06335657065703086,0.5119517300547668
id00994,0.2572166570103642,0.5433419372176653,0.19944140577197045
id10785,0.49259855731115326,0.34128776999810656,0.16611367269074018
id00955,0.12812286528595784,0.7513103652006959,0.12056676951334612
id09757,0.103127650263178,0.8500699109072185,0.04680243882960347
id10030,0.3157869342453281,0.1610565245204827,0.5231565412341892
id22952,0.2194969561044436,0.40815721410811834,0.372345829787438
id21955,0.019573238084660164,0.04559179725558337,0.9348349646597566
id07674,0.6183529266227216,0.20185887287106308,0.17978820050621527
id13760,0.42788599068899685,0.4185864934419335,0.1535275158690697
id18166,0.6750462381862207,0.06215859084579708,0.2627951709679822
id23498,0.7067767770887261,0.24641027982203062,0.04681294308924318
id05296,0.8782644577017088,0.05129652081922592,0.07043902147906532
id26709,0.3580853344338497,0.3210242254663055,0.3208904400998448
id02853,0.8456922197269642,0.11075063099728852,0.04355714927574743
id06800,0.3949249827054682,0.23918400826178815,0.3658910090327435
id14758,0.4471529421333934,0.3929730865865042,0.15987397128010247
id12356,0.8287648660096044,0.1173927392306652,0.05384239475973035
id21492,0.4805540269618693,0.30007307777439973,0.2193728952637311
id27540,0.3939602082750343,0.20783438480863203,0.3982054069163337
id07376,0.29075420810023656,0.39015792372997515,0.31908786816978824
id15201,0.6445817799251905,0.2201946938616089,0.13522352621320055
id23388,0.06796585547587447,0.8149895740613621,0.11704457046276347
id13923,0.10012227550817215,0.8590295745891321,0.0408481499026957
id00794,0.05912067391517213,0.8157548591298734,0.12512446695495455
id23910,0.25669017019587986,0.1266775610337048,0.6166322687704153
id02556,0.06555917579761195,0.12700110658281147,0.8074397176195764
id22151,0.06326759082282293,0.8730967178040957,0.06363569137308149
id11698,0.2794815341402051,0.5718027013278244,0.14871576453197055
id11627,0.4993838034796865,0.15515379492798384,0.3454624015923296
id06340,0.8590148051139876,0.07507520129151936,0.06590999359449286
id05123,0.9759794610284958,0.005528781241411735,0.018491757730092487
id26620,0.05226511472801883,0.020782857772626638,0.9269520274993547
id04002,0.19362606320880912,0.3869411283262069,0.4194328084649841
id26554,0.19942737903165664,0.5606380113370808,0.23993460963126254
id18012,0.2236708181768002,0.35652629047458523,0.41980289134861465
id12964,0.1309881592623709,0.1840441827843452,0.6849676579532838
id18965,0.13863353486555133,0.3162433053351194,0.5451231597993292
id19082,0.3853643540800099,0.1431685702596432,0.47146707566034685
id26742,0.1102800848836817,0.03734959683719886,0.8523703182791195
id15442,0.20124358214472213,0.6904948541350675,0.10826156372021045
id16647,0.46631764254331187,0.1613268679968726,0.3723554894598155
id11544,0.44621001705124586,0.11421121566342214,0.439578767285332
id20581,0.5645452091681061,0.11983190356147788,0.315622887270416
id13192,0.3086049832425128,0.3822572574469869,0.30913775931050025
id15814,0.25805679390627007,0.4083080714391268,0.3336351346546031
id26279,0.476048101392903,0.4099476801030256,0.11400421850407143
id00240,0.8397528195374943,0.06437679475130889,0.09587038571119687
id22836,0.8126479647072106,0.09555615245865878,0.09179588283413077
id15085,0.11884065647528239,0.6161262330396778,0.26503311048503964
id17495,0.5531396893741555,0.12871495302279704,0.3181453576030474
id26762,0.679784801374096,0.14953556197686574,0.1706796366490382
id13685,0.8433869471381722,0.02154895831754465,0.13506409454428303
id16560,0.23824879056371634,0.6849699529370963,0.07678125649918725
id17184,0.026409132332101463,0.9502597925374772,0.023331075130421375
id21635,0.9729247575416797,0.015838277340691535,0.011236965117628743
id26751,0.3177911482337919,0.5537874756268156,0.12842137613939256
id12351,0.6688435507314558,0.10267994127490292,0.2284765079936412
id14872,0.7614240460641732,0.12277112991533744,0.11580482402048915
id18372,0.7053652377313204,0.17040010734932512,0.12423465491935438
id26851,0.4722144838318785,0.31576310777854355,0.21202240838957812
id22659,0.5818054872074757,0.37653744640040127,0.04165706639212298
id04102,0.06317435554151789,0.02094595950905059,0.9158796849494315
id02353,0.0888159072594007,0.8470698455948603,0.064114247145739
id26721,0.8388537291279472,0.0957469069634533,0.06539936390859963
id11171,0.24559853721262193,0.15867055024959567,0.5957309125377823
id13562,0.42334359460847143,0.4288184509942469,0.1478379543972817
id26425,0.7787076553721162,0.09310370733420677,0.12818863729367702
id26394,0.2803702972661705,0.24720050510590985,0.4724291976279197
id22187,0.25727950945805966,0.5770465843466877,0.16567390619525266
id00422,0.8500784700010736,0.05152584384281431,0.09839568615611206
id22667,0.047031463049497284,0.9389497371474763,0.014018799803026203
id00911,0.5231839533799083,0.3469838176035186,0.1298322290165731
id17291,0.5662338938452168,0.10237048343321463,0.3313956227215685
id01915,0.2574991720433991,0.20046123974536148,0.5420395882112394
id01434,0.22670901808498486,0.1331947969025884,0.6400961850124267
id01584,0.3143055082302897,0.2683760835622274,0.4173184082074829
id09266,0.5823639428141654,0.1784347054999295,0.23920135168590512
id17494,0.061092950456560845,0.9115406753231958,0.027366374220243305
id24919,0.23418595353133165,0.3577151149595316,0.4080989315091367
id21043,0.23715379122540525,0.012817095789099396,0.7500291129854953
id17796,0.17200454749764074,0.7579868051924938,0.07000864730986535
id02166,0.20950689126340394,0.13282496608422006,0.6576681426523759
id17503,0.8825938575073993,0.04722365731568659,0.070182485176914
id21203,0.5441292262701247,0.17201944252733448,0.2838513312025408
id25626,0.9640990066665167,0.02362420954613483,0.012276783787348491
id09836,0.87787346918264,0.09447586356236595,0.027650667254994172
id24202,0.21563145371141496,0.3553546862800564,0.42901386000852865
id27260,0.4765048928627137,0.19206054879740556,0.3314345583398807
id23167,0.0745416195552661,0.029414048989872005,0.896044331454862
id10393,0.08835591766675954,0.8537718007022361,0.057872281631004385
id01171,0.8634182116972056,0.09175010027684084,0.044831688025953595
id06380,0.7990819223626734,0.07657344792042443,0.12434462971690229
id22686,0.30692102237657504,0.028281511527561184,0.6647974660958638
id26250,0.39881028612463093,0.11882481764431607,0.482364896231053
id09315,0.31503297489042076,0.490898577647839,0.19406844746174026
id00886,0.41400582731782837,0.3081453496112433,0.27784882307092834
id03101,0.5763553586735989,0.19469410491818695,0.22895053640821433
id12367,0.43933751024524714,0.17280189731311718,0.38786059244163573
id10770,0.6525623307574807,0.11971486830744406,0.22772280093507516
id14949,0.2814797907330325,0.653843354917118,0.06467685434984957
id14141,0.13536287940039193,0.7476879976176152,0.11694912298199282
id25417,0.5511495856294093,0.31570945658231264,0.133140957788278
id26873,0.5231848931678119,0.1620693099786164,0.3147457968535716
id10818,0.1992333465500181,0.10952106958293997,0.6912455838670419
id15146,0.5651674867329045,0.09923707502097766,0.3355954382461178
id23328,0.7211431070441143,0.16504424085484357,0.11381265210104217
id16765,0.44733642362887377,0.42259217403571386,0.1300714023354123
id24383,0.7204707039385491,0.03571475186558314,0.24381454419586776
id21304,0.743989871425569,0.11435526251148385,0.141654866062947
id12551,0.26349340375580466,0.6374426660340663,0.09906393021012902
id23274,0.2826399552140569,0.21481923463423888,0.5025408101517043
id08117,0.5666032916436234,0.24508352460110377,0.18831318375527284
id23961,0.6847244394742382,0.13463707146592008,0.18063848905984184
id13865,0.20209877971270143,0.6967861694102558,0.10111505087704277
id22807,0.3709497811280771,0.1509984252908578,0.4780517935810652
id08951,0.36364998100210716,0.2188250065951252,0.4175250124027677
id18684,0.9014154389598984,0.05318851737081755,0.04539604366928408
id25179,0.25220664107589824,0.42833606299181004,0.3194572959322918
id27033,0.6567965384704414,0.19880882868067717,0.1443946328488816
id13977,0.14969277830822858,0.5001333612526856,0.3501738604390859
id19337,0.08094232330108284,0.7959965933678499,0.12306108333106713
id25764,0.06335614443765529,0.838438480625905,0.09820537493643967
id16106,0.1722049876655898,0.2223431618186582,0.6054518505157519
id05468,0.144077246374302,0.07621376593447732,0.7797089876912207
id05241,0.8273772104212676,0.053421065025276195,0.11920172455345623
id10215,0.581076343431899,0.20754478169755586,0.21137887487054516
id23457,0.16155450669861876,0.22356466215478343,0.6148808311465978
id02200,0.7580820123128242,0.16207451042726898,0.07984347725990691
id13714,0.3423069267725277,0.48798458386191934,0.1697084893655529
id20332,0.04477830495659199,0.05285333706668457,0.9023683579767235
id18573,0.3094081203035297,0.19273382389878155,0.49785805579768866
id08569,0.7130155068451498,0.04813400697027731,0.23885048618457297
id22767,0.3916226215515337,0.43604805520215034,0.17232932324631595
id25390,0.24803797064439256,0.608040198988719,0.14392183036688846
id09288,0.8015957034977134,0.09092967209613952,0.10747462440614716
id12381,0.8587885192425306,0.055391786093895334,0.08581969466357393
