id,EAP,HPL,MWS
id02310,0.008345820023492514,0.00020414936693293048,0.9914500306095855
id24541,0.999998289919729,6.723868574547993e-07,1.0376934411511794e-06
id00134,0.03389199641982576,0.9661050561302942,2.947449886168045e-06
id27757,0.7902282683916179,0.20977168787588257,4.37325124530643e-08
id04081,0.9856930713161345,0.009759826713262,0.00454710197060603
id27337,0.9820618280243417,0.017908444512144288,2.972746352504425e-05
id24265,0.710810018029111,0.25968204866528716,0.029507933305600136
id25917,0.004632684718044672,0.029574846887065978,0.9657924683948931
id04951,0.9999494953170058,5.0475957361828824e-05,2.8725641537804065e-08
id14549,0.8758785654955418,0.01189046974495586,0.1122309647595017
id22505,0.03165028036244463,0.01142536426241494,0.9569243553751245
id24002,2.0746677121558555e-08,0.9999999789240521,3.29268406993583e-10
id18982,0.10857877010773724,0.6891369881317351,0.20228424176052248
id15181,9.086119089739834e-05,0.9999086211632947,5.176458019648539e-07
id21888,0.7139701554210515,0.05350600270483725,0.23252384187411496
id12035,0.00039353576381167936,5.727546722063017e-05,0.9995491887689688
id17991,0.148328621838393,0.0021094660972848333,0.8495619120643166
id10707,0.9999999999993747,1.1239740692910337e-14,6.372442925792828e-13
id07101,0.1833597053114134,0.26544167598545576,0.5511986187031324
id00345,0.9617019323821835,0.03783511523173726,0.0004629523860837865
id05912,0.9789612670342701,0.009965219261140742,0.011073513704586343
id13443,0.9999927258880591,4.447667342452435e-07,6.829345215734901e-06
id09248,0.12253412264243956,0.05500801462610474,0.8224578627314538
id17542,0.00949882575234748,0.9875557070624054,0.002945467185247375
id06995,0.00035011464030590514,1.2823456162086402e-08,0.9996498725362317
id25159,0.858414031946822,0.016709939535236234,0.12487602851794073
id25729,0.6747562762905994,0.3223689269244666,0.002874796784929907
id26949,0.9949304811471447,0.0034310821530368282,0.0016384366998165626
id27191,0.9116284381824756,0.0002470390957641216,0.0881245227217569
id07668,0.019078480742508567,1.9802174108453258e-08,0.9809214994553356
id02230,0.21072203734643727,0.23791950385624866,0.5513584587973205
id15553,0.9999999929442254,6.266808296432881e-10,6.42908488385545e-09
id25688,3.551083310355192e-06,0.9999914853118081,4.963604894094457e-06
id17545,0.995279914914615,0.0012054918475952515,0.003514593237785746
id13929,0.3324586689848886,0.5095140074654488,0.15802732354966378
id12880,0.6054041641978325,0.26032813441397606,0.13426770138817876
id19282,0.702537266730562,0.05813276863973039,0.23932996462970801
id14690,0.006489723145735444,0.00018745646211444671,0.993322820392151
id17975,0.013265610013962637,0.985458271901763,0.0012761180842788423
id08037,0.446803241928152,5.2387720645638055e-06,0.5531915192997885
id15412,0.01819414796924966,0.0006197026001724668,0.981186149430578
id25032,0.31612954662576764,0.12590981305733154,0.557960640316902
id27165,0.9999883244495226,4.313192873746755e-06,7.362357606069063e-06
id03327,0.9185651372833542,0.07682645607560977,0.004608406641026188
id18515,0.9969940103551084,7.87852500332445e-05,0.0029272043948470063
id21003,0.02413914955320618,0.0012369905939478897,0.9746238598528487
id23855,0.00025996093348790557,0.9774643463152578,0.022275692751258607
id20724,0.6821940775579941,0.21270071182407263,0.1051052106179342
id13303,0.9425961863961676,0.002183221217721943,0.05522059238610135
id16521,2.0926022190519908e-05,0.0069355574987061954,0.9930435164790986
id20775,0.9999999586437136,4.123539208753719e-08,1.209014389175926e-10
id13029,0.9999961089857649,2.3915011920165315e-06,1.499513035592436e-06
id14660,0.8205430135500916,0.16239943542616705,0.017057551023747022
id11028,4.6538452724483946e-05,7.9467746237343e-07,0.9999526668698088
id14180,0.9992999987421463,0.0006791500986390279,2.0851159228375874e-05
id25860,0.999999999846807,1.4473906911564953e-10,8.44493277247892e-12
id11910,0.4203604740741316,0.001929821416995984,0.5777097045088716
id08065,0.219276544559375,0.20264873528298966,0.578074720157636
id22674,0.00019147362877403618,2.158163703281618e-07,0.9998083105548614
id25018,0.09306078354767135,0.0015629143980369082,0.9053763020542902
id10892,2.77906204766474e-05,0.9999720160941103,1.9328542250655198e-07
id10217,0.2308525362116278,0.76914473969967,2.724088712574271e-06
id12996,0.153192746299412,0.3464046431913721,0.5004026105092153
id18262,0.6768320377614747,0.013318203048492997,0.3098497591900238
id08606,9.210837651019007e-08,0.9999998235762901,8.431534634565749e-08
id17233,0.832870017928177,0.039025887954402864,0.12810409411741966
id00101,0.8367167155331777,0.036206278992562305,0.12707700547425818
id12225,0.8677620143942719,0.09699337272144826,0.035244612884282336
id01364,0.006349470856609222,0.9932294979050201,0.0004210312383772441
id24973,0.9868127336220542,0.00038235923224059365,0.012804907145712047
id25363,0.9999640662390503,3.522610375341687e-11,3.5933725678764736e-05
id10061,0.9908178792440496,1.639636216620404e-05,0.009165724393776697
id17673,0.1086103135127332,0.8875099002380568,0.003879786249214212
id13249,0.4244701526873551,0.07607713725173379,0.4994527100609105
id10107,0.0007958397105629187,1.0376468953385817e-05,0.999193783820497
id04403,0.9999866205340654,5.319082389544418e-09,1.3374146848330368e-05
id25728,0.9152641765649091,0.003494542829083509,0.0812412806060037
id16184,0.4678873820855674,0.05313155538195164,0.47898106253248107
id03438,1.6433824184051444e-05,9.222404333718456e-09,0.9999835569534105
id22923,0.04105241965164167,0.9588122880026946,0.00013529234565995906
id08610,0.9999999437359877,5.474698905019523e-09,5.078932584094686e-08
id25355,0.026050464510334135,0.001539771651395279,0.9724097638382652
id16916,0.4312189562487898,0.5602600056603039,0.008521038090912623
id12793,0.020795200465189876,0.9791281363384348,7.666319634932168e-05
id11859,0.8991792023945872,0.0016060176070385585,0.09921477999838008
id02434,1.0,3.775313473410518e-15,2.51854903212326e-16
id27703,0.00024546637216671196,7.644780160634876e-06,0.9997468888476706
id25212,0.0035278015873637346,0.9964573390560336,1.4859356598903024e-05
id11308,0.021340786122115717,0.10125960082072398,0.8773996130571575
id26094,0.9897106596932025,0.009965090088023147,0.000324250218776386
id22080,0.8162680697298247,0.18270819410419192,0.0010237361659868036
id03545,0.9999978724844604,2.125981466323632e-06,1.5340736218271858e-09
id23725,3.136609114884458e-05,6.175124421028017e-06,0.9999624587844392
id12009,0.8299091702762955,0.14425220905805589,0.0258386206656526
id24241,0.4505263719455494,0.1544653274966598,0.39500830055779007
id03596,0.0014625151209050184,0.9985225980060659,1.4886873035608055e-05
id10749,0.13478421761040374,0.8589386342325656,0.006277148157027489
id22794,1.3718505561320664e-06,4.965322671930834e-07,0.999998131617173
id15482,0.548256972158075,0.009264665508964797,0.44247836233295773
id04833,0.9827609132317651,0.016396435219437174,0.0008426515487980193
id00397,3.229866620354485e-06,7.881194801233371e-17,0.9999967701333936
id14691,0.00026620430816833663,8.328108670517426e-08,0.999733712410751
id05193,0.0069760572825535916,0.0002542084463494259,0.9927697342710936
id19541,0.9965506242767594,0.00015707891743736902,0.003292296805795299
id22166,1.3132365510108736e-07,3.408547802238508e-08,0.9999998345908659
id20744,0.02550445086085451,0.0002942609636396484,0.9742012881755124
id10392,1.1281053329272346e-08,1.853637649542398e-13,0.9999999887187414
id00770,0.9992699630472747,0.0006761054439468468,5.3931508770305415e-05
id06018,0.13072443302938094,0.8635779773854778,0.005697589585138686
id15678,0.022382351981493267,1.6998604428390014e-05,0.9776006494140917
id08305,0.9668864636211781,0.03072149964385849,0.002392036734962929
id08903,0.5776606674272982,0.11370309146021691,0.3086362411124847
id14752,0.2412098415055171,0.7586212757002078,0.00016888279427548542
id12468,0.0007051657588267725,0.9992936604833104,1.1737578511796982e-06
id05085,0.7479450388738778,0.24727385478517414,0.004781106340957845
id21993,0.0006593571305192012,1.0835302383966838e-06,0.9993395593392552
id15503,0.8922447782876926,0.10493719071006354,0.002818031002242035
id03021,3.0378296400529727e-11,0.9999999999694751,1.6974149120422236e-13
id16123,0.9999999999948272,4.900224588361861e-12,2.5637243056907706e-13
id19383,0.9999999841125203,1.5492964539909084e-08,3.9451870577790326e-10
id04186,0.9999998745993758,3.4784499066090804e-08,9.06161188874362e-08
id17954,4.969931665314391e-07,7.04331553310645e-13,0.9999995030061184
id12030,0.2570634378625829,0.00368123699229519,0.7392553251451227
id13020,0.8795904257844895,0.12023331994969112,0.0001762542658218962
id25327,8.243362524506985e-06,0.3971025914916169,0.6028891651458496
id16344,0.1551624058112988,0.03587189702333063,0.8089656971653694
id12303,0.051110363956077424,0.93757730584926,0.0113123301946558
id15017,0.9999999990303081,6.158088813976931e-10,3.538675910385072e-10
id22308,0.489904535003615,0.020147680257051312,0.4899477847393301
id06536,7.098758491158751e-07,1.8354903257688894e-05,0.9999809352208967
id19797,0.016171653431423093,0.7192808154581309,0.2645475311104494
id06332,0.7720194182422955,0.18579069470344833,0.04218988705424955
id22941,0.3040729575581998,0.035619258540355504,0.6603077839014518
id13547,0.0006231649635860206,0.008201847793524272,0.9911749872428891
id06928,0.005982231529438526,3.4840899991984777e-06,0.9940142843805692
id12521,0.8380618937397785,0.1616460424185016,0.00029206384172976235
id25716,0.9797792665410667,0.0015363168655690164,0.01868441659337131
id27116,3.988436821326235e-09,1.1169632558886555e-10,0.99999999589987
id19941,9.43483266712759e-05,0.9995309003615569,0.00037475131176878135
id05711,5.171299769625131e-06,2.680870256423877e-05,0.9999680199976602
id02097,4.749631295482355e-07,0.00010957486183074511,0.9998899501750306
id03563,0.00021833327487005036,0.9997816202639285,4.6461191639543544e-08
id02295,0.32551793904595105,0.49518743382201585,0.1792946271320347
id08179,1.0,3.883531426164343e-23,1.850131044914682e-21
id05332,0.006199752089916917,0.9733635839297536,0.020436663980329697
id15697,0.9998194586191197,1.4878925893543519e-06,0.00017905348829121511
id17026,0.009166528416156085,0.001949010916112734,0.9888844606677242
id04243,0.9962272703168613,0.00241002733556152,0.0013627023475705792
id13175,1.0,4.0146997784281363e-25,4.0828709927856526e-29
id05387,0.9998678245307762,8.408331707756713e-06,0.00012376713750383817
id19989,0.9978583035589625,0.0010675044517898039,0.0010741919892477889
id25173,0.13125173465061574,0.000572603805173698,0.8681756615442086
id08925,0.0009613067227103876,0.9990258776628682,1.2815614426431498e-05
id03034,0.000274461499786407,0.9757498583451895,0.02397568015502355
id13272,6.523856860846569e-05,0.999914245928327,2.0515503068112117e-05
id07956,0.9967643680043613,0.0005582229564336331,0.002677409039210172
id02648,0.005614705003587327,0.00031066216841611885,0.9940746328279948
id01778,0.10540845746694893,3.2009297766711426e-05,0.8945595332352809
id12846,5.713476888887804e-08,2.1425713550504457e-11,0.9999999428438019
id19001,0.032505858151213776,0.0002341416347223182,0.9672600002140674
id05763,0.9778247323158862,0.0053308654576674185,0.01684440222645228
id15590,1.711583378252452e-05,3.1879438341819073e-07,0.9999825653718373
id04912,0.7177293865720461,0.09100181112789288,0.1912688023000571
id21201,0.9944705986166819,0.004518677638070552,0.0010107237452523338
id13215,0.9998987316316321,2.626895464157649e-05,7.499941371969918e-05
id15612,0.047002972067772396,0.9461324070847967,0.006864620847432684
id18501,0.0029896633610869377,0.0036444874734261855,0.9933658491654858
id07223,0.07962937407995413,0.8860896258323233,0.034281000087725694
id06707,0.8585206342968713,0.10332960177691108,0.03814976392621805
id05238,2.605787501261638e-09,0.9999999972882279,1.060047309220095e-10
id00935,0.002280137539124209,0.010084973328058666,0.9876348891328242
id00110,0.9998213907452919,2.0981083978456715e-06,0.00017651114629207596
id17476,0.9977270582376294,0.0008615481633893733,0.0014113935989883506
id15170,0.9999998582071713,1.270033875605012e-07,1.4789449153512992e-08
id13397,0.8357770190244653,0.01520320772049809,0.14901977325504348
id24283,0.9891131471017359,0.00016525882284240228,0.01072159407541087
id15234,0.9924258717422314,0.007425381510487751,0.00014874674727507052
id16884,0.9740304038732261,0.02412749410471789,0.001842102022064876
id07831,0.10744438626720033,0.7841361144387475,0.10841949929405253
id16038,0.9335599825203366,0.05636556094174301,0.010074456537920298
id03629,0.8960916049779452,0.03538974907712588,0.06851864594492932
id21019,0.710090125632062,0.23697103050870855,0.052938843859229846
id21835,0.40341709354219435,0.082842197408337,0.5137407090494658
id04480,0.04481976980286482,0.9551573723663082,2.2857830833324507e-05
id20838,0.9919049266802176,0.007696519953158113,0.00039855336662937763
id24195,0.32102305905469286,0.32130221097594847,0.35767472996935606
id05448,0.9989011701850631,0.0009666096599504495,0.0001322201549799279
id15957,0.039958508347086474,0.958450852309175,0.001590639343739192
id19956,0.00019296239115670018,2.8995583482848058e-08,0.9998070086132647
id15104,0.002569823148736317,0.030796999582986765,0.9666331772682631
id17559,0.6471870430538476,0.2928082762730385,0.060004680673111585
id16839,0.29297950746993207,0.014247570597508476,0.6927729219325499
id14493,0.7538771149224893,0.015425894697924318,0.23069699037958383
id08833,0.9540152468529168,0.0003851491899549039,0.04559960395713282
id15723,0.19029514661769667,0.1827706485596253,0.6269342048226766
id02716,0.9996030707530198,0.00039244371046872,4.485536502777776e-06
id06689,0.003068918686275901,0.9967239948224437,0.00020708649127815505
id18837,0.747949174483772,0.13874642595336092,0.11330439956285886
id04466,0.9998967364475035,5.9756268536532836e-05,4.350728394580783e-05
id00686,0.9999031883610112,2.0798767728440485e-07,9.660365128642333e-05
id09010,0.06677198992710727,0.9325977595852649,0.0006302504876239739
id23353,0.9387264650877509,0.009969433096177158,0.05130410181607292
id00066,0.8272103509662453,0.05999740189128522,0.1127922471424677
id15724,0.007967956804556817,0.9892231905329109,0.002808852662538448
id23486,0.019616555305640267,0.0004656870494108094,0.979917757644951
id22258,0.0023255784450811386,0.0004154898011583965,0.9972589317537656
id02292,0.6851712222571807,0.18757662538518413,0.12725215235763532
id16356,0.2378969413847964,2.7571587798298742e-08,0.7621030310436135
id00235,0.9999301291022402,2.2847912404668334e-06,6.75861065280576e-05
id25522,0.005031320748886609,7.432811928789352e-07,0.9949679359699193
id04204,0.07734155165618362,0.9089669546944905,0.013691493649328621
id22016,0.7266068251352026,0.08574724718178928,0.18764592768300817
id06480,0.08009318056239173,0.9197809916222397,0.00012582781537532413
id08718,0.08627584196923241,0.012339606273469339,0.9013845517572951
id05251,9.033858870375173e-06,0.9999906637624587,3.023786807551269e-07
id03359,0.9984428552692045,0.0014103019313609349,0.0001468427994380442
id16117,2.59248424436265e-05,7.988538733378195e-09,0.9999740671690107
id17000,6.450783137496386e-06,0.9999933161213028,2.3309555097746937e-07
id01730,1.243715058199566e-05,0.9999874911821018,7.166732628817402e-08
id00630,0.9802079191920213,0.018565301631901145,0.0012267791760792594
id18175,0.011894142315821553,0.0003542786147925475,0.9877515790693866
id00907,0.9950246681463998,0.0004313565192650721,0.004543975334330175
id18251,1.0058880884731866e-05,0.9999899210629938,2.0056108933722954e-08
id25861,0.6522411745568784,0.1059359744935994,0.24182285094951878
id00398,0.7753838095845784,0.07866961556483418,0.1459465748505814
id27573,0.999994160360584,3.996520233552213e-08,5.799674201208314e-06
id10022,0.00027149299648203374,0.9945995838220532,0.005128923181471008
id15901,0.000368066774244475,1.123456115774503e-07,0.9996318208801394
id00451,0.002850371857209856,6.755138921829232e-06,0.9971428730038591
id23129,0.0034250608547393958,0.9965324352056495,4.250393962503175e-05
id26498,0.07935162683637612,0.9143434463879458,0.006304926775685929
id14741,0.46699046265983407,0.14455677521646387,0.38845276212370083
id18453,0.1327065970008129,0.0006718115687413521,0.8666215914304474
id08309,0.9909537384921255,0.002488343647033272,0.006557917860841633
id00320,1.0,1.3217007310159042e-28,9.26550407129732e-26
id07688,0.02942065947636885,0.00031359191986745093,0.9702657486037611
id01556,0.0007954971789328135,5.171597844188305e-07,0.9992039856612726
id00178,0.2103144763211666,3.776437495568234e-06,0.7896817472413099
id18902,0.044201793972703185,0.04138133422204561,0.9144168718052484
id27002,0.4920459542632413,0.45143807037195904,0.05651597536480099
id21418,0.9999999999917009,8.290956026503381e-12,1.5590679042783727e-14
id23018,0.5328369221163156,0.06788448196179027,0.3992785959218968
id07032,0.9162110854595102,0.04819360730201486,0.03559530723848619
id16195,0.4878755965366725,0.0015730457571607403,0.5105513577061533
id11202,0.024084868630771,0.9695925747006647,0.006322556668565935
id09578,0.619223538673635,0.04991425052611953,0.3308622108002445
id26984,0.8934131956842457,0.002525500188248048,0.1040613041275054
id19856,0.01112001655691398,0.9887136277756223,0.00016635566747600996
id12086,0.6000508487717093,0.011144182591956642,0.388804968636334
id12052,0.01972478540279832,0.014571428762946788,0.9657037858342579
id17728,7.960682737156517e-06,8.033256452168697e-08,0.9999919589846934
id24608,0.9874116667911268,0.003016140233927177,0.009572192974942861
id21097,0.017937738229679614,4.778434704652201e-05,0.9820144774232753
id20179,3.4378373847935705e-09,1.6352733785177222e-12,0.9999999965605184
id15144,0.35950135772675706,0.5678021040937969,0.07269653817944625
id00206,0.997352052344228,0.00040263074414697187,0.002245316911619937
id22285,0.03210401580340808,0.0004994441595658254,0.9673965400370225
id06417,0.03423624808054385,0.6187066306769413,0.3470571212425202
id00215,0.013718098438311045,0.9862460080667649,3.589349491730037e-05
id04201,0.10181062971575477,0.0003585553388172393,0.8978308149454284
id21771,0.9984795578044084,0.00101408401001615,0.0005063581855761216
id12451,0.010534937048143449,0.43893510155440035,0.5505299613974542
id14250,0.0017673528764477495,0.9919408508051082,0.006291796318447893
id03433,0.0022677172143535517,0.9967077878422571,0.001024494943382272
id03303,0.037322822211592534,0.0008817798079841553,0.9617953979804232
id25901,0.07565354215352767,0.8797056973628602,0.04464076048361129
id06945,0.8408685080274217,0.0007437246939564053,0.15838776727861867
id05664,0.210921342674209,0.5438479204422776,0.2452307368835136
id05741,0.9999999996684323,4.1506915538025673e-13,3.3115801588944303e-10
id10652,0.4472874596868508,0.30663180843159826,0.24608073188155125
id16300,0.9999960996683974,5.268727084768008e-07,3.3734588899877715e-06
id12319,0.8535462315990721,0.004476628114703654,0.1419771402862262
id07500,0.00019010640571113385,0.9998098925497635,1.044531823989167e-09
id12478,0.2606858021206131,0.34609124605239455,0.3932229518269929
id03076,0.03638345335422084,9.086849171126223e-05,0.9635256781540698
id00969,0.2879159380260691,0.6780285210153079,0.03405554095862934
id23636,0.0032096602028869243,0.9930406750589151,0.003749664738193764
id09791,0.01993919416881037,0.003572679200334532,0.9764881266308506
id05680,0.004124821251528217,0.2278765669042248,0.767998611844245
id03672,0.02137855142244678,0.955272801436587,0.023348647140975818
id04286,0.00046671850425447436,0.997787691288271,0.0017455902074716885
id23883,1.4357463794936149e-06,0.040130243967353076,0.95986832028626
id11914,0.8743081926685164,0.008811102867783402,0.11688070446370089
id20974,0.0006583609888560621,0.9993173837119471,2.4255299173952983e-05
id26125,0.00039348082977502336,0.0002276648985263419,0.9993788542717015
id15543,0.6230751358513189,0.0032265472134462595,0.3736983169352317
id19471,0.9999999959265153,5.279953954634611e-10,3.545492157499518e-09
id11503,0.8922246593944695,0.06113919115592251,0.04663614944961127
id09321,0.02002000580729943,0.9416394120772748,0.03834058211543123
id25560,3.094976096633731e-10,2.1427143810778153e-11,0.999999999669086
id06726,0.28373958293971896,0.10314142227542891,0.613118994784856
id05709,0.9999459925108138,4.344012481900163e-07,5.3573087925180825e-05
id09788,0.1443286239182334,0.550163444483789,0.3055079315979827
id05289,0.9999999999894271,1.0326523955405811e-11,2.406227557691429e-13
id11815,0.002378289828346717,0.997119073868049,0.0005026363036042524
id22422,0.43991568437140977,0.24834195788478033,0.3117423577438114
id25954,0.9941252925475762,4.4622817473539836e-05,0.005830084634943909
id13601,0.5795884103499632,0.34135488847013434,0.0790567011799007
id05677,0.7088320728175865,0.00030324466688686993,0.2908646825155242
id10498,0.004419021226525451,0.995578193668848,2.785104634663333e-06
id02665,0.21939886551187812,0.7688417157659369,0.011759418722181055
id10114,0.0388789255687204,0.9466691434572586,0.014451930974045036
id26314,0.9403624637656044,0.05324782591807555,0.006389710316317066
id21240,0.28998155020715555,0.06657967365882904,0.643438776134017
id15569,0.9995157397033934,0.000357295098004349,0.00012696519859211006
id25928,0.04869558610785879,0.008354714495801559,0.9429496993963387
id22706,0.012454390607750969,0.9875446902750158,9.191172363109181e-07
id20877,6.665495546646546e-08,0.9999920676694085,7.865675644600431e-06
id04318,0.6798244674675094,0.017415109144819054,0.30276042338766973
id18299,0.026488494935819753,0.9562095017922126,0.01730200327196711
id08126,0.0034696768542621737,1.5825100920661553e-10,0.9965303229875082
id14293,0.6686713247761366,1.3854684899571098e-05,0.3313148205389691
id12759,0.9999927128733841,5.180972689167312e-06,2.10615392951824e-06
id11983,0.9104418452979979,0.006296432960166812,0.08326172174183301
id05580,0.1587183696268572,0.8065177100667422,0.034763920306405606
id25846,0.5547907649186046,0.18375256397711978,0.261456671104274
id01939,0.2964304464228384,0.0337038518454587,0.6698657017317058
id26327,0.09143063403168461,0.4071659666537077,0.5014033993146051
id11068,0.0006816562360125774,4.6543096040092645e-05,0.9992718006679354
id08404,0.999815412035427,7.448878453924205e-07,0.0001838430767388795
id27189,0.9938633492254475,0.006112891378825903,2.375939572292594e-05
id15119,0.003229520638393379,0.9944670188860788,0.002303460475522507
id26525,0.9986842605113576,9.284884823000963e-05,0.0012228906404135782
id03618,0.9366606080362607,0.0521462361116482,0.01119315585209583
id27220,0.9999999999973284,2.400844867192515e-12,2.9674479489920575e-13
id18777,0.019402962620163465,0.003550871366339357,0.9770461660134969
id20213,0.9179918990596585,0.049910905129423803,0.03209719581091923
id20403,0.9955322550159895,0.0043280539141644855,0.00013969106985763365
id03777,0.01491016038231602,0.00011567843107275671,0.9849741611865858
id10595,0.009125251666003201,0.9904628977286649,0.00041185060533866397
id13816,0.11910320496123233,0.0004369093681456455,0.8804598856706269
id05667,0.004009175789324663,0.0028853987954728503,0.9931054254152117
id24629,0.9160530666045683,0.0025074423704675624,0.0814394910249661
id20398,0.09768555740066429,0.0918754220292434,0.810439020570094
id14108,7.044816519352193e-05,2.804969159364242e-06,0.9999267468656587
id06196,1.1260564464689881e-05,0.999987870926051,8.685094833819374e-07
id02800,0.6547898782786615,0.3266009777631231,0.018609143958228686
id18732,4.3859916533966616e-05,0.9999479966817544,8.143401713115588e-06
id11915,0.030838652934150557,0.9331715577488146,0.03598978931704566
id09739,0.9961700971478706,0.0012525238557197249,0.002577378996414239
id24672,0.9999119548194477,8.676313578614555e-05,1.2820447618451644e-06
id00414,3.653571780156331e-07,7.11970789449579e-06,0.9999925149349346
id16307,0.9993170242237966,5.5637275485933764e-05,0.0006273385007281788
id14043,0.025502086992276872,0.0017919043478235735,0.9727060086598969
id00517,9.044931871524398e-15,1.8407566821991845e-17,1.0
id09744,0.9999977500008316,2.24923207368553e-06,7.670837445610847e-10
id19257,0.9957421949325674,0.0014771419067645371,0.0027806631606685267
id15437,0.5857152493738695,0.40929416511368794,0.004990585512446137
id16352,0.008519867936219783,0.0015027026205842859,0.9899774294432012
id18849,0.7109175401610304,0.05536161553196125,0.23372084430700654
id19434,6.669028371953245e-09,0.9999999903847936,2.9461854725619674e-09
id17928,0.02461832957127701,0.0009063032551508205,0.9744753671735792
id16896,0.00399831076704992,8.219281265758067e-06,0.9959934699516944
id02135,0.4032933899395307,0.32712692399486304,0.2695796860656064
id15075,0.9996632222971054,0.00013925551628334848,0.00019752218661051428
id27486,2.341169851881177e-06,0.9999976496671701,9.162971267022575e-09
id19422,0.9755060877722566,0.009301292949130829,0.015192619278616612
id09603,0.05699537705618696,0.9382440802487066,0.0047605426951123015
id02133,0.028350056788656208,0.9681040169901938,0.0035459262211410447
id03441,0.7596154621040925,0.00036988548087097935,0.24001465241503442
id02398,4.491727834455223e-05,0.9999550614691937,2.1252462030071776e-08
id05152,0.051938879640612855,1.3747079583057139e-05,0.9480473732798111
id17838,0.069959026925226,0.0038127794913528495,0.9262281935834173
id25060,0.999999973749539,2.615361151027231e-08,9.685466137964563e-11
id09998,0.02844201397155714,0.003945989766133901,0.9676119962623082
id01828,0.0017079857242871597,0.9964321117003273,0.0018599025753956605
id25377,0.13715189122822302,0.001526864951016248,0.8613212438207548
id22175,0.018471803652502193,0.980617402761437,0.0009107935860562905
id02974,0.01864987538692201,0.00037053352898013865,0.9809795910840998
id26955,0.999999983464619,1.548094655648399e-08,1.0544469504366933e-09
id21091,0.9999940530025861,2.2988673070000265e-06,3.648130098919186e-06
id12802,0.9999901238668064,9.011022933127608e-06,8.651102623492392e-07
id07432,8.332652770728915e-10,0.9999999991034656,6.329258751307281e-11
id18749,0.2387156852025671,0.20330999642107503,0.557974318376347
id15030,2.9034257028319296e-05,7.965461081835742e-05,0.9998913111321401
id17155,3.568070241085789e-05,0.9999524366564733,1.188264112106704e-05
id08128,7.509928965332279e-05,0.9754421042793195,0.024482796431016328
id25706,6.905631679481749e-06,0.998949161462807,0.001043932905508522
id15645,0.9684436123675951,0.027155111668871912,0.004401275963538484
id04943,0.997188231926385,0.0007918837078759895,0.002019884365737985
id27566,0.00021961456312841196,6.499407664795148e-07,0.9997797354961278
id11765,0.6097897456173477,0.14359432746907824,0.24661592691358342
id13783,0.30727381325310443,0.4347247190027611,0.2580014677441337
id00492,0.00011984144662437593,0.00020197282350696192,0.9996781857298657
id27636,0.07055693709988595,3.195099597633989e-05,0.9294111119041324
id04273,0.9999656982565344,3.086249651499211e-05,3.4392469629224573e-06
id02537,0.2770947931293337,0.31956915743179465,0.40333604943887064
id24349,0.9978210307257156,0.0021677159136526923,1.125336063482612e-05
id00023,4.873063441882312e-07,0.9999492621804665,5.025051318110166e-05
id23025,0.1182424577414037,0.8815898077733519,0.00016773448523320022
id08722,0.9730932921150682,0.0013574328947785293,0.02554927499014162
id02420,0.9999999993888196,6.11167194266092e-10,3.3969802798579814e-14
id10811,0.9996889532015836,3.0740775586293194e-05,0.0002803060228333056
id04019,1.1927946586474024e-05,5.304914048095696e-07,0.9999875415620225
id18334,0.9998414274089237,0.00013476705628152097,2.3805534788374924e-05
id16781,0.2724268688194723,0.7134937698045665,0.01407936137596002
id08773,0.5232624615955236,0.47650933787039884,0.00022820053407310753
id19214,0.9189364834618982,0.05940328803820953,0.021660228499879756
id09589,1.948589248324713e-05,0.9987761716852376,0.0012043424222755925
id24246,0.9968869392654904,2.4967813521867387e-05,0.0030880929209852275
id23577,0.6611464410457271,0.3387896942875076,6.386466676317395e-05
id09305,0.7516983063648959,0.0013378876086989077,0.24696380602639892
id16460,0.2515681468312112,0.00372601555815647,0.7447058376106278
id21115,0.20299629837357558,0.03370318150310918,0.7633005201233087
id25996,0.39913507445607177,0.03926524949413,0.5615996760497948
id02551,0.00010408098633249096,0.00043897486590153707,0.9994569441477703
id19352,0.0004284174284392446,6.503364579868752e-08,0.9995715175379127
id03806,0.032470150178612406,0.0016300516873938341,0.9658997981339962
id26544,0.8830324831129794,0.003400705429436216,0.11356681145758431
id18761,0.9969645536933325,0.0010086540061850747,0.0020267923004826213
id24148,0.11085486141608977,0.8891117093245748,3.34292593427659e-05
id16095,0.0006454298822193735,0.9987161952819748,0.0006383748358047122
id18442,0.9942278728847274,0.0005544553817761438,0.005217671733501418
id22596,1.5934133263005463e-09,1.8161437718113706e-13,0.9999999984063948
id23002,0.0004994468956472983,0.00025011819953511827,0.9992504349048109
id04797,0.9999724764153133,1.118423500154658e-05,1.6339349689480183e-05
id06610,0.03924486694235011,3.893748624519793e-06,0.9607512393090349
id16173,0.3291297025920984,0.49157844980767806,0.1792918476002245
id18292,0.001154075825171721,7.732027550065289e-05,0.9987686038993336
id27328,0.999550220707479,2.516989159564738e-05,0.0004246094009253241
id01695,0.007457548445474642,0.9920290014628081,0.0005134500917123531
id05761,0.7896619447726535,2.0105875814681888e-05,0.21031794935153247
id16354,0.9995460661289469,0.00014340388321673218,0.00031052998782427847
id12207,0.0013422250955809165,0.8462006741219165,0.1524571007825163
id05665,0.022139610280872718,8.864934272991531e-06,0.9778515247848674
id01911,0.9156172543682388,0.08042466719703145,0.00395807843472758
id19153,0.00024662964319516537,6.1007945037463954e-05,0.9996923624117816
id10295,0.9415742048235177,0.04765531511562478,0.010770480060851824
id23038,0.5992283345103144,0.30916784465077063,0.09160382083891257
id23783,0.472546147228702,0.5273695101815568,8.434258974255296e-05
id27879,0.9988295795543033,0.0011622253898667322,8.195055816986492e-06
id19190,1.0650792469449711e-05,0.999989297196754,5.2010782648294935e-08
id05065,0.9998645845703747,0.0001221061190428064,1.3309310589011067e-05
id21296,0.025905183275310217,0.9606553663050765,0.013439450419614923
id13262,0.40668078057651375,0.062065518515059086,0.5312537009084262
id10333,0.9999892639210586,2.9826041693915366e-07,1.043781853714215e-05
id16677,0.12243097438171054,0.013319072282638775,0.8642499533356559
id01392,0.19339524565766483,0.00028750426236421033,0.8063172500799723
id27874,0.38426191782916286,0.28963536841246745,0.3261027137583704
id02294,0.0005523310832991996,0.9950604726004108,0.004387196316289021
id18298,0.0008754921207773819,0.0016498880872328923,0.9974746197919877
id06997,0.9999099900912722,1.7724520176547424e-06,8.82374566965674e-05
id05243,0.35000606826872743,0.10983213721858863,0.5401617945126831
id00860,0.0008397269074189171,0.9868788309077998,0.0122814421847867
id26681,0.9999999554182192,4.4453712751377804e-08,1.2808190856188275e-10
id06020,6.040789166374881e-09,3.354485391943571e-17,0.999999993959193
id27683,0.9934936445566024,0.0005968285853207515,0.005909526858069633
id17655,2.057209458325427e-06,0.9999979427885379,1.986474522244953e-12
id08817,0.0069423925684528945,0.00012583152676242504,0.9929317759047711
id11512,3.7826116972145677e-07,8.527239327208843e-06,0.9999910944995124
id00478,0.23446976260289526,0.0021158771569887427,0.7634143602401176
id02116,0.9997030302861248,2.2410085266725396e-05,0.0002745596286088985
id06746,0.999818698050292,0.0001551059825592515,2.6195967135113577e-05
id03863,0.4443566187721827,0.49010066584130396,0.065542715386515
id01802,0.005935370640145558,0.985908732256928,0.008155897102919358
id11682,0.9986245491497482,2.9105432077953615e-06,0.0013725403070316403
id04033,0.00012678917304392674,0.9992773315616472,0.000595879265322257
id09286,0.022814238725121696,0.908315317365627,0.06887044390924674
id12904,0.9999999958614865,4.1216020991856235e-09,1.6918983673426338e-11
id07420,2.182840886130957e-05,1.6169475758454186e-08,0.99997815542164
id22398,9.572211519491615e-11,0.9999999995210374,3.832577563488856e-10
id00424,0.05656440367168421,0.0006575981087830559,0.9427779982195403
id20960,0.9976738398397201,0.002224795764892686,0.00010136439537411995
id10267,0.6410036232266904,0.1808481677358668,0.17814820903744152
id19330,0.45269257374378974,1.4987470153962836e-05,0.5472924387860475
id00994,4.3998573082877426e-05,0.99994783590309,8.165523823240337e-06
id10785,0.884243732175604,0.05838705762255133,0.057369210201851505
id00955,0.0024835684263904605,0.9963662184065851,0.0011502131670249687
id09757,0.0019548658031675764,0.998037979815099,7.154381736874642e-06
id10030,0.13436754865594824,0.03231849097286474,0.8333139603711878
id22952,0.13805617599831993,0.4163371823547046,0.4456066416469744
id21955,1.20721317660809e-06,4.132653342155732e-06,0.9999946601334849
id07674,0.9994595914887334,1.0925538510376991e-05,0.0005294829727583839
id13760,0.010415728409747464,0.9895682352159423,1.6036374300330998e-05
id18166,0.9985131183233051,1.2258452843850956e-06,0.0014856558314038173
id23498,0.9999253098747237,7.464387644320252e-05,4.624884634258427e-08
id05296,0.9999948349923873,4.6775884049734707e-07,4.697248775326371e-06
id26709,0.995675380097146,0.001983348063204601,0.0023412718396375333
id02853,0.9962280117376954,0.0033237066133011135,0.0004482816490066595
id06800,0.22655235196308632,0.07415900718330967,0.6992886408536055
id14758,0.4318041055095311,0.5156986953011362,0.05249719918932088
id12356,0.9999146505443006,8.152237240365915e-05,3.827083289636696e-06
id21492,0.9160410305837011,0.06468107326500132,0.019277896151292037
id27540,0.4639920889521707,8.25100427819115e-09,0.5360079027968266
id07376,0.2476521613008825,0.61245550983044,0.13989232886867592
id15201,0.9176886315348083,0.08200538458466954,0.00030598388051368883
id23388,1.3163375344883801e-05,0.9999624341043799,2.440252027597367e-05
id13923,0.00463096614975056,0.9953567332524517,1.2300597792537232e-05
id00794,2.3432185757809395e-05,0.9999561986333175,2.036918091406329e-05
id23910,0.2766281363299271,0.011365094873450894,0.7120067687966123
id02556,0.024249610220989246,0.0640957730303884,0.9116546167486206
id22151,5.44179819838582e-06,0.9999943681590078,1.900427817650815e-07
id11698,0.012934583465167942,0.9666220470199434,0.020443369514890702
id11627,0.7951450640519683,0.013561657555571802,0.1912932783924568
id06340,0.9999999998515534,1.1941078696791733e-10,2.903791484152738e-11
id05123,0.9904169519500234,0.0032419094702745917,0.006341138579703053
id26620,1.6186284819785775e-05,7.464665934561434e-08,0.9999837390685326
id04002,0.011930697969877365,0.16244467634846352,0.8256246256816643
id26554,0.26008112542032036,0.5618965171848929,0.1780223573947872
id18012,0.008043730404661026,0.0011576480919691244,0.9907986215033787
id12964,0.04161402753446062,0.017449417410736263,0.940936555054806
id18965,0.006473161777278973,0.9675875321723909,0.025939306050318585
id19082,0.0016973187344002923,4.823694061847837e-05,0.9982544443249678
id26742,2.8874855449328533e-05,2.81191044603607e-09,0.9999711223326458
id15442,0.0011147899704106942,0.9987387426558055,0.00014646737377965833
id16647,0.2818242896966941,0.12021121576261948,0.5979644945406897
id11544,0.3182909954765808,0.010687103924726361,0.6710219005986896
id20581,0.4532608331900667,0.006143323034271033,0.5405958437756601
id13192,0.10140402186541081,0.8289242601843899,0.0696717179501965
id15814,0.05209037048179013,0.026237868467148494,0.9216717610510495
id26279,0.04205945136221518,0.9577123092364077,0.0002282394013638764
id00240,0.9924325282733714,0.00313422907597354,0.004433242650654453
id22836,0.9999999353694043,2.614499637344141e-08,3.848558895350026e-08
id15085,0.0004297369278879224,0.49565178741969873,0.5039184756523988
id17495,0.259844996982862,0.0034721504449450667,0.7366828525721913
id26762,0.8793112818429198,0.006710302385065958,0.11397841577200922
id13685,0.9999999999874944,9.729561139355709e-15,1.2493607486489654e-11
id16560,0.0011537436375798388,0.9987701025587002,7.615380372138234e-05
id17184,3.391260124319236e-08,0.9999997494260272,2.166613697210027e-07
id21635,0.9999999999419629,1.1614974763040271e-11,4.64490110135258e-11
id26751,0.18747323841698565,0.6635740422604326,0.14895271932258558
id12351,0.999622534379392,1.575077216110561e-06,0.000375890543387424
id14872,0.6998351683085932,0.13997041909159952,0.16019441259980643
id18372,0.9996576094977155,0.0003322546393774807,1.0135862910274125e-05
id26851,0.8856518301873787,0.08939774552274994,0.024950424289864267
id22659,0.9974207833815774,0.0025792087913587684,7.827088033211908e-09
id04102,6.869901086629019e-07,7.935226934912138e-12,0.9999993130019307
id02353,0.003759547364219199,0.996181254447013,5.9198188760684564e-05
id26721,0.9999999988772288,1.0796332909987332e-09,4.3130905907163933e-11
id11171,0.8721828919696493,0.037424018824114356,0.09039308920623583
id13562,0.6175539016017879,0.3118124204797067,0.07063367791850701
id26425,0.9284200712591432,0.00615696826203592,0.06542296047881774
id26394,0.7573433719092608,0.02113617687435163,0.22152045121639063
id22187,0.1913223245639956,0.7572270585364438,0.05145061689956174
id00422,0.999999865529171,6.357883402660931e-13,1.3447018138812223e-07
id22667,1.1029797112241861e-08,0.9999999889701598,2.677679590160059e-14
id00911,0.8915330914578664,0.09576805463466412,0.012698853907472335
id17291,0.3392646522490296,0.0004782743079010459,0.6602570734430809
id01915,0.026137272679470833,0.007269637880691149,0.9665930894398339
id01434,0.03917117548376672,0.006322875643920385,0.9545059488723152
id01584,0.37123714044792955,0.04035585348704651,0.5884070060650258
id09266,0.998310407289684,0.0006627402465615805,0.0010268524637543767
id17494,1.36024244882232e-06,0.999998367196352,2.72561195855771e-07
id24919,0.07984396318546211,0.23045175082156624,0.6897042859929743
id21043,0.0023640401730468923,1.8917979704434207e-16,0.9976359598269537
id17796,1.5419507918081078e-05,0.9999842621642833,3.1832780489455445e-07
id02166,0.047359170921951424,2.0867794236436585e-07,0.952640620400134
id17503,0.9996434436880199,2.8126870293086404e-07,0.0003562750432877423
id21203,0.21060779944254593,0.13440189172575812,0.6549903088316946
id25626,0.9999999999883471,1.1502107882281678e-14,1.1657578129261431e-11
id09836,0.9999984424434183,1.416871128853161e-06,1.406854628276951e-07
id24202,0.0027473015486902826,0.004389721615211265,0.9928629768360885
id27260,0.6651636180426248,0.15431142792526717,0.18052495403211322
id23167,3.1803578436142316e-06,2.012310320992912e-08,0.9999967995190445
id10393,0.007781465801569447,0.9881376895695272,0.004080844628901952
id01171,0.9999975671548818,2.3905355375044656e-06,4.230959253785408e-08
id06380,0.9997586986828015,1.8764208424293566e-05,0.00022253710878232652
id22686,0.0732674569273933,2.0891536965561398e-05,0.9267116515356437
id26250,0.11427977745763788,0.0017932260900433248,0.8839269964523206
id09315,0.5137795285549785,0.38722559731614853,0.09899487412887745
id00886,0.1650470312551824,0.6786466640197389,0.15630630472507293
id03101,0.9890997473146032,0.003358245989702716,0.007542006695694438
id12367,0.691648563122757,0.0337183792735603,0.27463305760368745
id10770,0.6715718354403938,0.014643917515287892,0.31378424704431646
id14949,0.0004849732566809932,0.999514045847361,9.808959514155408e-07
id14141,0.009424432363905324,0.9905643276522546,1.12399838147844e-05
id25417,0.5708644240742107,0.40851938669663634,0.020616189229146306
id26873,0.8105139152520554,0.0018466337273308514,0.18763945102061275
id10818,0.17833184484961498,0.0032998468452619333,0.818368308305117
id15146,0.8464456285395267,0.001696647970666398,0.15185772348981025
id23328,0.9996946792911502,0.00016283132134832935,0.0001424893875146836
id16765,0.35134749781612834,0.6103132821875445,0.038339219996331816
id24383,0.999635290892452,6.23268091413934e-07,0.00036408583944887537
id21304,0.9930165509349257,0.0018169805006971172,0.005166468564371309
id12551,0.00030026496020020923,0.9996988220888127,9.129509848090533e-07
id23274,0.033802404232109194,0.020326373278037792,0.9458712224898458
id08117,0.7165135623734266,0.030315318126267,0.2531711195003063
id23961,0.9999981167483268,9.168492625795385e-07,9.664024072961773e-07
