id,EAP,HPL,MWS
id02310,0.0018355586731624272,0.0002816128696998937,0.9978828284571377
id24541,0.9999969551482508,1.4024809501202995e-06,1.642370792576781e-06
id00134,0.08856440145770375,0.9114303506827897,5.2478595038834015e-06
id27757,0.9894570735795104,0.010542925740239552,6.802308272205187e-10
id04081,0.9856779978406219,0.009956655023769797,0.004365347135608662
id27337,0.5618443779640011,0.4381275686680776,2.805336793062808e-05
id24265,0.6755329413895256,0.3144138230095691,0.010053235600906773
id25917,0.002597778692157382,0.004767055739407111,0.9926351655684329
id04951,0.9999679856543633,3.199873237408245e-05,1.5613253677563224e-08
id14549,0.85006190423331,0.009197284195216787,0.14074081157147422
id22505,0.014566276854149072,0.01793899838202047,0.9674947247638288
id24002,1.6589151138238626e-09,0.9999999982887573,5.231605176768468e-11
id18982,0.8130389349082302,0.17855130592329752,0.00840975916848508
id15181,6.7212162924329214e-06,0.9999932701497803,8.633938459730613e-09
id21888,0.8338887377505569,0.055180212732099235,0.11093104951735026
id12035,0.00021729037769803775,7.184995275209451e-05,0.9997108596695498
id17991,0.16117766309987472,0.0033610704508229786,0.8354612664492991
id10707,0.9999999982283896,1.3883548685832336e-11,1.7577240740173126e-09
id07101,0.062024844548014,0.3510982172998247,0.5868769381521691
id00345,0.9628936092911449,0.03701528898673339,9.110172211374449e-05
id05912,0.9932051103895724,0.0048241941143732404,0.0019706954960515455
id13443,0.9999995503045386,9.116703854562536e-08,3.5852845049147235e-07
id09248,0.08328629403923887,0.08464120819123919,0.8320724977695249
id17542,0.0017039124454294923,0.9969836000395517,0.0013124875150182117
id06995,0.0025612970955244834,1.620907377431579e-07,0.9974385408137348
id25159,0.9331718135212174,5.5465482379430194e-05,0.06677272099640333
id25729,0.802627986390505,0.19234511505156404,0.00502689855793214
id26949,0.9937473904857295,0.00463997421241266,0.0016126353018596372
id27191,0.9538948205064751,0.0001292271305377811,0.04597595236298477
id07668,0.026528550986376458,4.117827909978078e-09,0.9734714448958229
id02230,0.1019882854054479,0.4411485040430364,0.4568632105515155
id15553,0.9999999773159518,1.9405175095183362e-08,3.2788573596539674e-09
id25688,7.098889224234407e-05,0.9999237844715424,5.226636203217679e-06
id17545,0.9933798219846409,0.003794101494280958,0.002826076521076687
id13929,0.06012780731242473,0.1396596771545057,0.80021251553307
id12880,0.952121381246046,0.01944538840319747,0.028433230350746578
id19282,0.7461690310548024,0.058438478551705184,0.19539249039348996
id14690,0.004072596585413506,0.0004644166749987882,0.9954629867395867
id17975,0.030568348586433407,0.964103978041239,0.005327673372332215
id08037,0.9999999999322426,9.244518253626468e-17,6.777258759238844e-11
id15412,0.03412511297364777,0.005409894304334705,0.9604649927220137
id25032,0.24133961775375534,0.336306272642831,0.42235410960341446
id27165,0.9999933289350312,1.9492862520938206e-06,4.721778716655786e-06
id03327,0.04532420042887953,0.9477052701217865,0.006970529449341132
id18515,0.9954331319702201,4.803758710263437e-05,0.0045188304426854245
id21003,0.3068298082304454,0.0029048558732315574,0.6902653358963226
id23855,0.00015079238428029047,0.9521445183506995,0.04770468926501938
id20724,0.9068823918009375,0.07969543403501063,0.013422174164055374
id13303,0.9942999004468579,3.985068104985957e-05,0.005660248872104283
id16521,0.000117620945334534,0.15123626814572924,0.8486461109089463
id20775,0.9999999510273495,4.859089487542554e-08,3.817439790387509e-10
id13029,0.9996077993519217,7.86382426176841e-06,0.00038433682382467025
id14660,0.8850649644680496,0.10875684263926143,0.006178192892689817
id11028,5.197391293960293e-05,3.5058650997217757e-07,0.9999476755005504
id14180,0.9997944186308353,0.0001891666134317526,1.6414755730055953e-05
id25860,0.999999999994543,4.4744120566941846e-12,9.691404178413977e-13
id11910,0.5595244612701281,0.013658757178220984,0.42681678155165076
id08065,0.2996260920475697,0.3297044283452639,0.3706694796071607
id22674,0.00028854900001257537,1.1949436648822347e-07,0.9997113315056435
id25018,0.042877494647722544,0.002266720395886804,0.9548557849563859
id10892,0.00017173818009835686,0.9998279582537074,3.035661800474542e-07
id10217,0.0196129193097432,0.98038448132503,2.599365250132366e-06
id12996,0.5387088762132707,0.19192187507838646,0.2693692487083423
id18262,0.9249417396687353,0.052821328256991866,0.022236932074280128
id08606,2.7961011765445927e-07,0.9999996194717524,1.0091811603296573e-07
id17233,0.9686975753797755,0.009724238157684653,0.02157818646253722
id00101,0.4099778589112224,0.0462769351614887,0.5437452059272865
id12225,0.9226716605389856,0.07010830884237987,0.007220030618633629
id01364,0.0016733757072045425,0.99820893619015,0.00011768810265117161
id24973,0.9735668180614199,0.000475586210207413,0.025957595728379003
id25363,0.999244815366895,5.0667447154885244e-11,0.0007551845824896885
id10061,0.7795847124089131,7.152283759127533e-05,0.22034376475349957
id17673,0.014898206239920705,0.9827234779309896,0.0023783158290949496
id13249,0.6774637721934669,0.040744047655551466,0.28179218015097995
id10107,0.00013580293779845123,3.964292934518606e-06,0.9998602327692722
id04403,0.9999244081700173,5.715128679200331e-08,7.553467869636597e-05
id25728,0.8744404186745525,0.008558805646980097,0.11700077567846368
id16184,0.6676204109856927,0.10968466629957767,0.2226949227147295
id03438,2.2374840381042465e-05,1.1822041517390473e-08,0.9999776133375826
id22923,0.0011040463772130906,0.9988816748349698,1.4278787818958027e-05
id08610,0.9999997310494926,2.49103325492562e-08,2.4404014823669665e-07
id25355,0.007627207576203998,0.004361123494396737,0.9880116689294002
id16916,0.29814210589703205,0.6998000603352506,0.002057833767717985
id12793,3.945445032742565e-05,0.999959877195731,6.683539165514937e-07
id11859,0.8978267310790315,0.0018160703337442464,0.10035719858721276
id02434,1.0,2.2592956146450655e-16,7.229587741491788e-16
id27703,3.1908720783761514e-05,1.2384239995297276e-06,0.9999668528552248
id25212,0.026213315020164257,0.9737822713840154,4.413595822933945e-06
id11308,0.024341113733762694,0.16815617786763096,0.8075027083986028
id26094,0.98878624037995,0.006536482350407132,0.004677277269644751
id22080,0.5376221050575378,0.46194656112476074,0.00043133381770128835
id03545,0.9999993212600516,6.783099092059597e-07,4.3004889782817654e-10
id23725,0.00010337667054019629,1.3922854874730102e-05,0.9998827004745852
id12009,0.9123428361209864,0.08277466888295992,0.00488249499604991
id24241,0.03477043520243017,0.08981047560252779,0.8754190891950453
id03596,5.00023641735619e-06,0.9999949176614794,8.210213055374762e-08
id10749,0.8604050058306558,0.06413007038890398,0.07546492378044993
id22794,1.2192479376575003e-06,2.776486920880422e-07,0.9999985031033821
id15482,0.17457036288262165,0.0022364100792019253,0.8231932270381848
id04833,0.9050187673553534,0.093761345085686,0.0012198875589655104
id00397,5.081883333661214e-06,1.1888669806719774e-15,0.9999949181166792
id14691,8.575915086452283e-07,2.5255131457992034e-09,0.9999991398829882
id05193,0.017341857896151114,0.0008304354004167039,0.9818277067034263
id19541,0.9984311757721888,1.2450248152952969e-05,0.0015563739796474896
id22166,1.0158906404720254e-07,1.2089963968744207e-08,0.9999998863209847
id20744,0.0039451348342293985,0.00012769690112195706,0.9959271682646479
id10392,9.727418498458871e-09,6.359627568204753e-12,0.9999999902662466
id00770,0.9999530340786583,1.617566807528044e-05,3.07902532581543e-05
id06018,0.23551266624009254,0.7589300779299204,0.005557255829980096
id15678,0.011736197475966475,2.206202945438255e-07,0.9882635819037339
id08305,0.945123158539059,0.0509443574791358,0.00393248398180147
id08903,0.2915303850834301,0.07489999668295719,0.6335696182336131
id14752,0.2531600888412397,0.7456475292150565,0.001192381943714767
id12468,0.019931081124560854,0.9800668633429095,2.0555325287099143e-06
id05085,0.5421791840806817,0.4540024940644271,0.0038183218548971136
id21993,0.00034242629648472984,5.70539292764057e-06,0.9996518683105874
id15503,0.9568823395711523,0.040747681414777005,0.0023699790140652524
id03021,7.899480156475e-12,0.9999999999822649,9.78355024500536e-12
id16123,0.9999999995264375,4.5564177878644023e-10,1.7926504509333455e-11
id19383,0.9999999589036301,4.10285705443568e-08,6.780921996679219e-11
id04186,0.9999999023824037,6.912033760692983e-08,2.849725606097173e-08
id17954,2.4750500330017806e-06,4.542776275093841e-11,0.9999975249045228
id12030,0.11807129006637182,0.00650433346817399,0.8754243764654537
id13020,0.9968694329364588,0.0030641760973450513,6.639096619684912e-05
id25327,1.2603012783000288e-05,0.14197519489571087,0.858012202091502
id16344,0.1932937799879028,0.02473272155420905,0.781973498457892
id12303,0.19843148051947562,0.771658530048627,0.029909989431900055
id15017,0.9999999999289457,6.677996668893728e-11,4.2676687737031006e-12
id22308,0.6532492406195992,0.020514693854432615,0.3262360655259691
id06536,4.849135813453974e-07,6.802855252720912e-06,0.999992712231186
id19797,0.04085909275648668,0.5782851957363122,0.3808557115072043
id06332,0.5533506961931082,0.4371901744904661,0.009459129316419056
id22941,0.7979531806668523,0.0737828158514603,0.1282640034816925
id13547,0.006515908047235278,0.005636811502250734,0.9878472804505148
id06928,0.0012570174903299037,1.7414861015833644e-06,0.9987412410235728
id12521,0.9746260819844622,0.025347279423839696,2.663859169287708e-05
id25716,0.8870077914436335,0.004542947507024798,0.10844926104934034
id27116,2.3873910526344055e-09,3.0644124996420574e-10,0.999999997306162
id19941,5.986142460016388e-05,0.9981205509366209,0.0018195876387764476
id05711,3.1240839553315984e-06,2.2937098296965898e-05,0.9999739388177477
id02097,9.512462704685544e-05,0.0004642227640003307,0.999440652608963
id03563,5.637914982210967e-05,0.999943025862516,5.949876739397709e-07
id02295,0.4375274292419381,0.3188016685394482,0.24367090221861246
id08179,1.0,6.225449048904288e-23,1.3232290328097704e-20
id05332,0.005042614010490163,0.9848192006926884,0.010138185296821367
id15697,0.995194125775431,1.5791640247247853e-05,0.004790082584344442
id17026,0.005081554448261495,0.0023457421196275553,0.9925727034321068
id04243,0.9870040918341453,0.011724494521093845,0.0012714136447590835
id13175,1.0,6.931452536025206e-26,8.288569961246542e-31
id05387,0.9999446310971116,7.709531765668334e-06,4.765937111620977e-05
id19989,0.9873700571490497,0.0016158666359919111,0.011014076214969526
id25173,0.7344919390837281,0.005224272721751302,0.26028378819452375
id08925,5.185191830810699e-05,0.9999460209776262,2.127104067674517e-06
id03034,0.00022925117557079537,0.9994071538745397,0.00036359494987631195
id13272,0.0002581640700617,0.9996560361541855,8.579977575966745e-05
id07956,0.9984165601678032,0.0003278707450212698,0.0012555690871771186
id02648,0.00818197659030975,0.00034122646109330875,0.9914767969485966
id01778,0.09083583005892913,1.1427215908747528e-05,0.90915274272516
id12846,5.152911774447969e-08,2.7324062319549934e-11,0.9999999484435604
id19001,0.13013700911913104,0.0009305282786023624,0.8689324626022766
id05763,0.9975891012966417,0.0007228943126917147,0.0016880043906688255
id15590,3.6343900453889065e-05,1.55448340137317e-06,0.9999621016161505
id04912,0.8279695545853527,0.06751116388351525,0.10451928153113468
id21201,0.9934095628699906,0.004589836606727384,0.0020006005232803717
id13215,0.999799506282457,0.00011021859270486657,9.027512483263177e-05
id15612,0.05432452841568244,0.9254534373624527,0.02022203422185856
id18501,0.0018964525558608824,0.0050643341175949244,0.9930392133265332
id07223,0.14237880185545748,0.8167830566829223,0.04083814146162611
id06707,0.9687306872630153,0.014093423231095591,0.01717588950588661
id05238,1.1596926758372466e-08,0.9999999878014023,6.016798411921579e-10
id00935,0.0059660819700299746,0.027709855803368905,0.9663240622265901
id00110,0.9998741767400341,3.4217456065048272e-06,0.00012240151437576305
id17476,0.9989927447047197,0.0003494416608219165,0.0006578136344528923
id15170,0.9999996820834206,2.0948847476445682e-07,1.0842809405604366e-07
id13397,0.6539688618839248,0.023262650569178457,0.3227684875468928
id24283,0.9921273243712676,7.179525603632959e-05,0.007800880372701926
id15234,0.9916306233129751,0.008295729076522717,7.364761051556141e-05
id16884,0.7896473094583928,0.027155999012484548,0.1831966915291113
id07831,0.36044434833904815,0.5760435001462267,0.06351215151472779
id16038,0.9256792148272464,0.05904546135999652,0.015275323812758932
id03629,0.8724016115848048,0.013254473363215008,0.11434391505198173
id21019,0.8566091577444849,0.060629083507072815,0.08276175874843929
id21835,0.726748394186421,0.04235986553437888,0.2308917402792032
id04480,0.019669631565450825,0.9803218308422293,8.537592315754702e-06
id20838,0.9747295596590555,0.02488444127992084,0.0003859990610338947
id24195,0.4322336447729967,0.21569955345225236,0.35206680177475036
id05448,0.9968465233463011,0.002782247378991383,0.00037122927471647395
id15957,0.012579452945445841,0.9868433302311735,0.0005772168233795635
id19956,2.6050904432805454e-06,1.1963129497182864e-09,0.9999973937132296
id15104,0.011198858705580345,0.03599406491247219,0.9528070763819554
id17559,0.7881590199636119,0.14754550945427264,0.06429547058211366
id16839,0.657670871548752,0.021567869491043154,0.32076125896021496
id14493,0.3247590590903673,0.021852900438420003,0.6533880404712072
id08833,0.8065327292167682,7.985471944127692e-05,0.19338741606378887
id15723,0.11458786830812462,0.2031730970955139,0.6822390345963628
id02716,0.9970380412708835,0.002892964775246693,6.899395385852555e-05
id06689,0.001655880487843998,0.998267403035015,7.671647713246082e-05
id18837,0.7187157750655004,0.11831777109526115,0.16296645383923578
id04466,0.9996989766419522,0.00011095388444852999,0.0001900694735904226
id00686,0.9999677622740092,7.20057214698375e-08,3.216572025443228e-05
id09010,0.12602522686836942,0.8736862695175216,0.00028850361410618443
id23353,0.858356783131725,0.03673580340576393,0.10490741346251414
id00066,0.9414326799249514,0.014260793233085227,0.04430652684196273
id15724,0.008279347161501473,0.9106624826364547,0.08105817020204299
id23486,0.0007966840461259426,3.6529701825361636e-05,0.9991667862520548
id22258,0.004845120775027872,0.0011187469438108419,0.9940361322811666
id02292,0.7305938074589158,0.12978018068548744,0.13962601185559853
id16356,0.012424305856132875,9.758024732502502e-09,0.9875756843858698
id00235,0.999864356154599,8.33240338610016e-07,0.00013481060506512622
id25522,0.0008478639913929017,4.916661667519095e-07,0.9991516443424324
id04204,0.006912112828038631,0.9850985196825712,0.007989367489392708
id22016,0.5778066189137563,0.11323002318463347,0.30896335790160717
id06480,0.01710266578785958,0.982891610678128,5.723533998360178e-06
id08718,0.2384647207735467,0.014908443218901661,0.7466268360075466
id05251,1.3045034580930887e-06,0.9999986179587836,7.753776332165026e-08
id03359,0.997552568613358,0.00010399552155225596,0.00234343586510317
id16117,6.304729595683754e-06,1.543903253575228e-08,0.999993679831383
id17000,4.191927846003923e-05,0.9999579389573728,1.4176416696498948e-07
id01730,2.882451330120866e-06,0.9999970448793541,7.266933375726973e-08
id00630,0.7018704611565205,0.2959742122982291,0.0021553265452538533
id18175,0.046462850966799564,0.0001847650728813777,0.9533523839603184
id00907,0.9930894515886294,0.0038908689854320546,0.0030196794259383978
id18251,8.923904123134042e-05,0.9999107597221685,1.2365902343976403e-09
id25861,0.6864187201924132,0.028105601339423768,0.2854756784681634
id00398,0.9731760427055819,0.0036065011780293935,0.023217456116392452
id27573,0.9999969725816765,6.181573191374465e-10,3.026800164776071e-06
id10022,3.9303831580777764e-07,0.9999957857856552,3.821176010453253e-06
id15901,0.0009291860215254238,1.8643484421462254e-07,0.9990706275436189
id00451,0.0012822655715745454,6.018328206042696e-05,0.9986575511463708
id23129,0.0013311401723231522,0.9984845817297964,0.00018427809786774154
id26498,0.12549799516204566,0.8503641516502112,0.02413785318774393
id14741,0.5203149234709935,0.1663585954565725,0.31332648107242805
id18453,0.4349261928909041,0.0057772565629919765,0.5592965505461006
id08309,0.9913080500574608,0.0004131930407990859,0.00827875690174634
id00320,1.0,1.1648963710655142e-23,6.588356955095983e-22
id07688,0.0013615637250226646,7.304592442637874e-05,0.9985653903505592
id01556,0.00012026824007682473,1.9782854529601536e-08,0.9998797119770706
id00178,0.9000426293203236,0.00016541519636086577,0.09979195548331059
id18902,0.003386125277659462,3.8914339859417675e-05,0.9965749603824797
id27002,0.39800583670798095,0.552651805868339,0.04934235742368004
id21418,0.9999999999769216,2.3084219830726072e-11,4.1901651787318194e-15
id23018,0.013619844136312665,0.04478559738340041,0.9415945584802814
id07032,0.8438365266208114,0.011802829041119022,0.14436064433806875
id16195,0.9995976148463013,1.992709589658935e-06,0.00040039244410056693
id11202,0.014526345680918387,0.9679912802459754,0.017482374073109812
id09578,0.62707556520256,0.0790466157895821,0.2938778190078566
id26984,0.9030096643579941,0.003199287718278632,0.09379104792372452
id19856,0.0014991919911271705,0.9970620704469387,0.001438737561937959
id12086,0.8101591796985679,0.02125648483981488,0.16858433546161486
id12052,0.007074964634358038,0.028914878044163667,0.9640101573214793
id17728,1.4340844966017886e-06,9.323763362179525e-10,0.9999985649831225
id24608,0.8941019527845242,0.00978479172729027,0.09611325548819112
id21097,0.012918776489852471,1.3863192168959657e-05,0.9870673603179894
id20179,4.515392372480991e-09,8.831359558194634e-14,0.9999999954845293
id15144,0.31131551268964847,0.6470456487784088,0.04163883853194098
id00206,0.9927544014643714,0.0008645174889016123,0.006381081046725794
id22285,0.0001793939729135641,1.0833644085582667e-05,0.9998097723829943
id06417,0.041420480593719416,0.7216576546465213,0.23692186475976462
id00215,0.000495367757599649,0.9995030798996353,1.5523427673834609e-06
id04201,0.0010855089056386864,3.338758060300693e-05,0.9988811035137615
id21771,0.9954418764892451,0.003960744735357912,0.0005973787753993636
id12451,0.040048446175891164,0.19856127250340735,0.7613902813207035
id14250,0.0013754611570798562,0.9950025086467791,0.0036220301961385707
id03433,0.0003375796680497974,0.9996602018905074,2.2184414500760233e-06
id03303,0.017336562068032156,0.003100161880223657,0.9795632760517489
id25901,0.061779345309489524,0.8982827248329688,0.039937929857545934
id06945,0.8621535223064153,9.043820048132035e-05,0.13775603949310822
id05664,0.07671560627970467,0.5946061770784657,0.3286782166418265
id05741,0.9999999990374135,1.2112723876331839e-12,9.613909806809286e-10
id10652,0.629209291012448,0.1512433037171942,0.21954740527035868
id16300,0.9999942302893213,5.581395386797625e-07,5.2115711515345645e-06
id12319,0.9256850249004287,0.016765486965117093,0.05754948813446231
id07500,5.265862117153611e-05,0.999947330569843,1.0808981245917654e-08
id12478,0.2877429217005,0.5746740758704684,0.13758300242903138
id03076,0.01772100224178891,2.5862515574297875e-05,0.9822531352426367
id00969,0.2408820661869117,0.6534535217160743,0.10566441209701634
id23636,0.0007310342566718922,0.9980314380515607,0.0012375276917730293
id09791,0.0018303734562458564,0.0015012904168060638,0.9966683361269526
id05680,0.014346948555772064,0.06057823053626111,0.9250748209079644
id03672,0.7919759408216761,0.2046499152540226,0.0033741439243074028
id04286,0.0012081574750232573,0.9965789224989996,0.002212920025974582
id23883,6.5766357925859995e-06,0.11446944750238038,0.8855239758618118
id11914,0.7459617161629533,0.005992540754305152,0.24804574308273983
id20974,0.033495772304390284,0.9663428683938118,0.00016135930178099857
id26125,0.0006921931974817697,0.0020577336290333167,0.9972500731734892
id15543,0.354762557994543,0.012915475893139244,0.6323219661123237
id19471,0.9999999953379017,1.2489497664275886e-09,3.4131432049773197e-09
id11503,0.9345025507272966,0.036985002336379476,0.028512446936322274
id09321,0.0016133193982062353,0.9928251210114674,0.005561559590330386
id25560,6.632060234097768e-13,6.187805315839782e-13,0.9999999999986926
id06726,0.44845008438203654,0.11162278015305192,0.43992713546490914
id05709,0.9995910969057097,3.4922572007296687e-06,0.00040541083707851076
id09788,0.29223792253116626,0.18042947310302287,0.5273326043658115
id05289,0.999999999963677,3.580543692718402e-11,4.972683623302216e-13
id11815,0.004881188880803233,0.9942100587003339,0.0009087524188699154
id22422,0.6801028964306338,0.28775217148692245,0.03214493208244353
id25954,0.9888545576511923,6.012192808412189e-06,0.011139430156001105
id13601,0.9203668625335574,0.06677157238303989,0.012861565083403527
id05677,0.9335303431016684,1.3173195609032058e-05,0.06645648370271819
id10498,0.0007308780584872722,0.9992633369529562,5.784988543742156e-06
id02665,0.2250783501563587,0.7455763294522678,0.02934532039136796
id10114,0.0039356372336072434,0.9951458063183763,0.0009185564480247761
id26314,0.9991167845493298,0.000825224818835481,5.799063184100913e-05
id21240,0.5080198321616809,0.06564894824412874,0.4263312195941933
id15569,0.9510227864846998,0.048795871437347246,0.00018134207796378823
id25928,0.25641237230188024,0.027194023186078903,0.7163936045120503
id22706,0.0004883317067661058,0.9995107726728638,8.95620372174005e-07
id20877,1.425538893448722e-07,0.9999934093522185,6.448093910023578e-06
id04318,0.8824387255412433,0.008265694357126145,0.10929558010162886
id18299,0.0002651777268525133,0.9996262247289682,0.00010859754418542044
id08126,0.025343739391590698,3.342854480447976e-09,0.9746562572655478
id14293,0.18235084583507408,5.5923738398827876e-06,0.8176435617910941
id12759,0.999968430583372,1.5273046737064784e-05,1.629636989416527e-05
id11983,0.6382683914201627,0.012365116522590652,0.34936649205724263
id05580,0.9013537505231117,0.07301849077011142,0.02562775870678099
id25846,0.2622998250542249,0.5811189052773068,0.15658126966846905
id01939,0.2039849962332269,0.015335283414138791,0.7806797203526377
id26327,0.04275313180221754,0.5384312539744992,0.41881561422328417
id11068,0.0002340623807751652,1.933478457868826e-05,0.9997466028346564
id08404,0.9999758211864622,1.6935255680332066e-06,2.248528795711443e-05
id27189,0.9938786287942972,0.006077670955144497,4.3700250561850394e-05
id15119,0.07633609565456831,0.8958368453298066,0.027827059015622484
id26525,0.9968521042073362,0.0011210150082378312,0.0020268807844226657
id03618,0.9927892069418104,0.0032527199983367235,0.003958073059862621
id27220,0.9999999999197939,5.979812776088373e-11,2.040828837035649e-11
id18777,0.07146878338984705,0.03667851185558833,0.8918527047545676
id20213,0.8371948643992849,0.11894221812498834,0.043862917475729554
id20403,0.9957450401676972,0.0040135284145852565,0.00024143141770982597
id03777,0.00238094399498763,0.008062647306071136,0.9895564086989462
id10595,0.002508448285434479,0.997399588223947,9.196349061395112e-05
id13816,0.08371258177552462,8.454681949718075e-05,0.9162028714049733
id05667,0.005473191110355099,0.035866367096687175,0.9586604417929458
id24629,0.8903608577518403,0.002515820442419766,0.10712332180574545
id20398,0.13951274445442424,0.14116585762206696,0.7193213979235152
id14108,3.107383699233053e-05,7.753172441439236e-06,0.9999611729905539
id06196,2.937335615093907e-05,0.999965510494401,5.1161494479110444e-06
id02800,0.514596336295965,0.4452865610924116,0.04011710261161097
id18732,4.7619703988275694e-05,0.9999515372395829,8.430564417674742e-07
id11915,0.012251594444925518,0.9560793824815037,0.0316690230735575
id09739,0.9817005439577213,0.014199971848324616,0.004099484193959202
id24672,0.9999918129455572,7.764068082184617e-06,4.229863604641539e-07
id00414,3.1565271094239274e-07,0.0001030836329245446,0.9998966007143588
id16307,0.9999781206973799,1.5442048138472764e-06,2.0335097814469514e-05
id14043,0.06111058530490623,0.009346581637555485,0.9295428330575359
id00517,1.6511265923360247e-14,2.83923620897249e-16,1.0
id09744,0.999999676603262,3.233516233942292e-07,4.5107425055024636e-11
id19257,0.9931889039182922,0.0010647689667363939,0.005746327114969018
id15437,0.6149113023814312,0.381810234212506,0.0032784634060681393
id16352,0.003604723023753593,0.003218363347074202,0.9931769136291679
id18849,0.7977159334192151,0.05799649247769261,0.14428757410309484
id19434,3.4039853648141506e-09,0.9999999940847033,2.5112987945456176e-09
id17928,0.15893473421049734,2.568540287949726e-05,0.8410395803866296
id16896,0.002191011031719779,6.430607091590663e-06,0.9978025583611847
id02135,0.05812470581074893,0.24568650016690055,0.6961887940223473
id15075,0.9996166264894255,0.00026919581665607817,0.00011417769392068758
id27486,1.9371280409812491e-07,0.9999997972548932,9.03229709280881e-09
id19422,0.9803796238227412,0.016606273882304873,0.003014102294960287
id09603,0.08955460494571808,0.9041473928536423,0.006298002200646116
id02133,0.014646670401021458,0.9850892523523336,0.0002640772466414964
id03441,0.9927406988099795,1.4206728659479221e-05,0.007245094461362072
id02398,2.2219577522104316e-05,0.9999776901071673,9.03153014672695e-08
id05152,0.00015619968882570664,2.355565992423294e-07,0.9998435647545885
id17838,0.25522457821890243,0.0034992796093212897,0.7412761421717706
id25060,0.9999999990341735,9.510227309352497e-10,1.482053641173551e-11
id09998,0.003548806824640041,0.0029774088948665975,0.9934737842804904
id01828,0.1216101820752565,0.8662448853453907,0.012144932579344552
id25377,0.19010912545309208,0.004972201030330974,0.8049186735165833
id22175,0.003323964383196633,0.9966442534437056,3.178217309063825e-05
id02974,0.06307106289834111,3.421206856397825e-05,0.9368947250331027
id26955,0.9999998737475915,1.249354052753303e-07,1.3169898579545834e-09
id21091,0.9999027945315115,9.559254622043337e-05,1.6129222845289952e-06
id12802,0.9999858740042511,1.3020015349195397e-05,1.1059803982607264e-06
id07432,2.2410067726015247e-11,0.9999999999760689,1.5242344112532094e-12
id18749,0.18935637348773032,0.42617321308419076,0.38447041342807625
id15030,7.363972133206433e-05,1.897656305648798e-05,0.9999073837155991
id17155,7.588940078518734e-06,0.9999922790231818,1.3203676407055575e-07
id08128,5.055202405943801e-06,0.9995001124218152,0.0004948323757664234
id25706,3.2663537373805095e-07,0.9999797442787346,1.9929085889630215e-05
id15645,0.9074577317835996,0.0668633504142029,0.025678917802197474
id04943,0.9043675370050166,0.04777118825758896,0.04786127473738336
id27566,8.21399305444207e-06,6.300256710142283e-08,0.9999917230044054
id11765,0.741899043477004,0.03853626375689431,0.2195646927661029
id13783,0.08309980987418125,0.8205096555221185,0.09639053460370654
id00492,0.0020316833546488145,5.95758250919991e-05,0.997908740820265
id27636,0.07882241637062007,7.76350354711924e-05,0.9210999485939119
id04273,0.9999944734547715,4.52699732213567e-06,9.995478962392633e-07
id02537,0.147167522334971,0.1893068897971284,0.6635255878679012
id24349,0.9983264618402939,0.00163906864655631,3.4469513137678465e-05
id00023,6.564910642913485e-08,0.9999802337112403,1.9700639650613236e-05
id23025,0.013189199429587137,0.9868072722313025,3.528339111632591e-06
id08722,0.9900247022737672,0.0007495898420825891,0.009225707884147597
id02420,0.9999999989220214,1.077830608581969e-09,1.4543962488829414e-13
id10811,0.9996948902777935,2.225282704459575e-05,0.0002828568951490794
id04019,7.501669751960675e-06,3.4145785611023867e-06,0.9999890837517108
id18334,0.9993317762429161,0.0005698059436149015,9.841781347109261e-05
id16781,0.3790541668282465,0.5972990249769379,0.023646808194817064
id08773,0.22302410168350015,0.7768439495053685,0.00013194881113561913
id19214,0.0414731594347261,0.9449868973404374,0.013539943224834088
id09589,1.6171958422599037e-05,0.9991681327163267,0.0008156953252471229
id24246,0.9997940102812781,1.46539165471445e-05,0.00019133580218891588
id23577,0.9537465175984973,0.046052776904306876,0.0002007054971922787
id09305,0.9528422056279148,0.0003648120336570894,0.04679298233843155
id16460,0.40162552368189236,0.0036682400590754196,0.5947062362590346
id21115,0.4365826309168257,0.0035654629273410006,0.5598519061558288
id25996,0.5971293217885613,0.01974827163666472,0.3831224065747725
id02551,1.939481588309307e-06,1.9549619888935286e-05,0.9999785108985254
id19352,0.00025734821677455454,2.6230367693452843e-08,0.9997426255528594
id03806,0.020663980138476104,2.3452741082388102e-05,0.97931256712043
id26544,0.9370121092559733,0.003971292409251713,0.05901659833477403
id18761,0.9993150313259941,0.00025573112931753306,0.00042923754467857835
id24148,0.6478213127820166,0.35209331467215355,8.537254583167572e-05
id16095,0.006614831168407537,0.9930261404563393,0.0003590283752521258
id18442,0.9896688576739842,0.0019636825275445814,0.00836745979847174
id22596,4.483800072949009e-12,5.692495115077285e-15,0.9999999999955094
id23002,0.002111247751455096,0.00030039184497876047,0.9975883604035718
id04797,0.9999967686335706,1.23275016891813e-06,1.998616253640049e-06
id06610,0.16805705805214444,0.00020847409451640834,0.8317344678533444
id16173,0.23163811411985635,0.6954170222127579,0.07294486366738709
id18292,0.00028775474617474936,1.0726102585782712e-05,0.9997015191512495
id27328,0.9974853871287809,8.815719722132169e-05,0.002426455673992152
id01695,0.014122174488884948,0.9856721620886061,0.00020566342251197837
id05761,0.7731732785848401,0.00042867645970020337,0.22639804495546642
id16354,0.9999305636395671,4.409289143268347e-05,2.5343468994835014e-05
id12207,0.006480004240555646,0.8658838586910076,0.12763613706842747
id05665,0.05217344612569103,2.0519132057277205e-06,0.9478245019610927
id01911,0.970355719251108,0.027884354881184237,0.0017599258677042705
id19153,0.0003466521280863016,3.2854242737082564e-05,0.9996204936291754
id10295,0.9399581031046905,0.04751405668226364,0.012527840213037295
id23038,0.6295191883086535,0.3231775406860875,0.04730327100525832
id23783,0.16943660286532414,0.8305465982443405,1.6798890335844378e-05
id27879,0.9999987613087169,1.1260049851258126e-06,1.1268629688479686e-07
id19190,1.0900502814772246e-05,0.9999885620946579,5.374025227912472e-07
id05065,0.999997044304811,2.526408791568592e-06,4.29286388017045e-07
id21296,0.011725531178148167,0.9879738941934448,0.0003005746284182976
id13262,0.10683673691031975,0.05088046759449204,0.8422827954951912
id10333,0.9999887453156584,7.845878237217608e-06,3.408806117839782e-06
id16677,0.0005684439690061043,0.0052949055879859905,0.9941366504430068
id01392,0.13056612401233145,0.0003100847451383322,0.8691237912425348
id27874,0.583349634842542,0.2572328100735648,0.15941755508389358
id02294,0.00031511754241727083,0.9979680296277524,0.0017168528298300498
id18298,0.0003452080528524319,0.0014837755278974396,0.998171016419248
id06997,0.999963539825178,2.5041804111648113e-06,3.395599439658662e-05
id05243,0.4779574008063132,0.352140722480409,0.16990187671327767
id00860,5.535391274834721e-06,0.9998648312440148,0.00012963336470678198
id26681,0.9999969835397755,3.010256008000791e-06,6.204205494129903e-09
id06020,8.224986046771301e-09,9.782761307123462e-16,0.9999999917749847
id27683,0.9985148032758856,2.975142537057647e-05,0.0014554452987395495
id17655,3.7538042591477246e-08,0.9999999624619142,3.0298980686267596e-14
id08817,0.0015591126035114488,1.720515017385066e-05,0.9984236822463108
id11512,1.9520593587898985e-06,1.0316032959918824e-05,0.9999877319076732
id00478,0.025752764117865482,0.0007752340109758326,0.9734720018711558
id02116,0.9996822734156199,1.6811635771355936e-05,0.00030091494861593044
id06746,0.9995875166013608,0.0003808106978083475,3.1672700819625684e-05
id03863,0.4183535129297106,0.5589383663982146,0.022708120672074176
id01802,0.31621809731494543,0.6729724558353323,0.010809446849719103
id11682,0.998847630991198,1.0619921046728747e-05,0.0011417490877473032
id04033,0.0009004585541066687,0.9898044072863904,0.009295134159493517
id09286,0.033232100761072185,0.6024416527027249,0.3643262465361891
id12904,0.999999996760522,3.2169751659185883e-09,2.251371417244668e-11
id07420,2.43399526198206e-06,2.7004045525216055e-07,0.9999972959642671
id22398,3.4396777030974126e-11,0.9999999998983071,6.727552599649637e-11
id00424,0.015754331946934104,0.0010600794420768842,0.9831855886109877
id20960,0.99974085185444,0.00018870957241103986,7.043857314983184e-05
id10267,0.8053963428310257,0.1485329033776067,0.04607075379136908
id19330,0.48807991249022636,0.0002828471609371111,0.5116372403488333
id00994,4.3141354775620034e-05,0.9999563391377094,5.195075174109905e-07
id10785,0.8728238274084094,0.08964413249811759,0.037532040093467625
id00955,0.00345918591466029,0.9958074132899436,0.0007334007953920778
id09757,0.00038870931248078755,0.9996104299309503,8.607565764201803e-07
id10030,0.10603652027122909,0.02685347416831303,0.8671100055604557
id22952,0.05598318071038482,0.08386064394063839,0.8601561753489826
id21955,9.509984892990246e-07,5.184218811926093e-06,0.9999938647827005
id07674,0.9993715574094265,3.1266344247821474e-05,0.000597176246320639
id13760,0.00023704275572664646,0.9997629288019022,2.8442382627839217e-08
id18166,0.9998073896296379,1.3509828319857436e-06,0.0001912593875274368
id23498,0.9999057175213875,9.42076523271669e-05,7.482627602299843e-08
id05296,0.999996411781055,1.2828066856976468e-07,3.4599382772407606e-06
id26709,0.9996115339629547,7.37647018478566e-06,0.00038108956686156445
id02853,0.9991128326528127,0.0007623170839284581,0.00012485026325836934
id06800,0.4093405331514397,0.19694695384599942,0.3937125130025589
id14758,0.014744132440309058,0.9830775745637854,0.002178292995897003
id12356,0.9999396830521706,5.820232565623439e-05,2.114622165353864e-06
id21492,0.9883255719235522,0.004277505014365303,0.007396923062083416
id27540,0.10438748827148521,1.964792881365629e-07,0.8956123152492469
id07376,0.39759981249199106,0.5233195971416412,0.0790805903663668
id15201,0.7909962382044008,0.20778192527371767,0.0012218365218811754
id23388,0.00016097461894694644,0.9998373682804391,1.657100603134181e-06
id13923,0.000316959373322116,0.9996653341471314,1.7706479548235678e-05
id00794,4.711709032155789e-06,0.9999223101308113,7.297816016367778e-05
id23910,0.24640351324109802,0.007963658835303299,0.7456328279236101
id02556,0.04697858167541597,0.8317634134834336,0.12125800484114854
id22151,8.64935865282926e-07,0.9999991250294178,1.0034720286381062e-08
id11698,0.35241046536255677,0.5181812249982517,0.12940830963919292
id11627,0.22828790163251644,0.0049810405089356115,0.7667310578585428
id06340,0.9999999999794795,5.6101833725690646e-12,1.4912960421833012e-11
id05123,0.9864496233752076,0.005625432632688514,0.007924943992101667
id26620,2.6649468890225337e-07,8.24815582038839e-08,0.9999996510237605
id04002,0.009226309607876501,0.02292107173292395,0.9678526186591978
id26554,0.05434917090947115,0.9316975304635824,0.013953298626945063
id18012,0.003578881658758956,5.9023887537508575e-05,0.9963620944537296
id12964,0.05311210829079428,0.004953672222572286,0.9419342194866334
id18965,0.0011281578738347854,0.9902999103310977,0.008571931795063957
id19082,0.012356166026795491,0.00048378850791331424,0.9871600454652925
id26742,0.0004282660417399775,1.3378298599307998e-09,0.9995717326204172
id15442,0.0029186226882834576,0.9968118685415889,0.0002695087701251914
id16647,0.4458271771461238,0.10047732188106433,0.4536955009728096
id11544,0.07695603593719019,0.0004220779077472861,0.9226218861550665
id20581,0.25052874528273295,0.008664595559771627,0.7408066591574989
id13192,0.5082403946401051,0.44130824304280214,0.050451362317096536
id15814,0.21843588590099514,0.04341023905615456,0.7381538750428628
id26279,0.012468817173684334,0.9875182408022366,1.2942024076698708e-05
id00240,0.9979296570788163,0.0010033745084581992,0.0010669684127237664
id22836,0.9999999922869733,2.322029501813426e-09,5.391004079635422e-09
id15085,0.007915935241208049,0.6896654029919119,0.30241866176686216
id17495,0.4284534412000835,0.010247668421992089,0.5612988903779239
id26762,0.21030668483276047,0.16361792418048396,0.6260753909867419
id13685,0.999999999995282,3.004761736877239e-15,4.6963306962120714e-12
id16560,0.0005759810634465525,0.9993273778496352,9.664108690783295e-05
id17184,1.6599831232304491e-07,0.9999997906950219,4.330665498830669e-08
id21635,0.9999999992719495,1.1563037267249072e-11,7.164956592770603e-10
id26751,0.21648373772200605,0.6989551644522272,0.08456109782577069
id12351,0.9999480900712076,1.774465293161183e-06,5.013546351325786e-05
id14872,0.561648539840629,0.19515792335917412,0.24319353680019498
id18372,0.9998640039087795,0.0001292126720260765,6.783419185839935e-06
id26851,0.9394432374746499,0.02815625139327362,0.03240051113207457
id22659,0.9950527760959006,0.004947136249632095,8.765444721742284e-08
id04102,8.518241075068556e-07,3.1326918729038956e-11,0.9999991481445467
id02353,0.00010819423616796543,0.9998820601629496,9.745600901292696e-06
id26721,0.9999999954366672,4.523881428441293e-09,3.947030471511602e-11
id11171,0.909913211393257,0.034293852946175686,0.05579293566057023
id13562,0.6323141097648046,0.2966423048670298,0.07104358536816527
id26425,0.8351663196889175,0.010306308747938605,0.15452737156314492
id26394,0.8720539418912399,0.02524908425787029,0.10269697385089238
id22187,0.16038311915843528,0.8025594162449401,0.03705746459662398
id00422,0.9999998893662284,9.29311359713797e-13,1.1063282083594049e-07
id22667,2.8587572691075435e-09,0.9999999971412308,7.877681970424469e-16
id00911,0.8107706078085631,0.17580449595504688,0.013424896236396049
id17291,0.819013016294718,0.0002818773042414083,0.18070510640102777
id01915,0.2910974496887687,0.02730253828250654,0.6816000120287125
id01434,0.012277408185316174,0.0034198452632669594,0.9843027465514185
id01584,0.48678853274030104,0.032831131976310865,0.48038033528338464
id09266,0.9999955111741052,3.3196547404190275e-06,1.169171166729484e-06
id17494,1.3030663481293303e-05,0.9999864982122817,4.7112424280343874e-07
id24919,0.055478931971161646,0.25232466024219147,0.69219640778665
id21043,0.015477753042575091,1.3516666549829528e-16,0.9845222469574207
id17796,0.0001194654522040837,0.9998794595442186,1.075003578192385e-06
id02166,0.14663604091865928,4.209510815780766e-06,0.8533597495705093
id17503,0.9998329153532007,3.471095023318015e-06,0.000163613551785975
id21203,0.321669704299555,0.17235894216715014,0.5059713535332935
id25626,1.0,4.265206550253082e-16,2.7433439773704974e-14
id09836,0.9999762533935102,1.752089770301023e-05,6.225708784775559e-06
id24202,0.006195685193830101,0.013264041269111881,0.980540273537055
id27260,0.3688425337160218,0.14163914735327082,0.4895183189307102
id23167,0.000273730049850053,4.54115142971522e-08,0.9997262245386449
id10393,0.002673102805454782,0.9967429878974764,0.0005839092970690178
id01171,0.9999939095641411,6.011490091399678e-06,7.894575960694337e-08
id06380,0.9992916815482777,4.131843440220615e-05,0.0006670000173200499
id22686,0.1268085657274265,1.664778932574666e-05,0.8731747864832395
id26250,0.04457576659863939,0.0015732201098227502,0.9538510132915315
id09315,0.5180676684321834,0.44495085893966146,0.03698147262816031
id00886,0.012504433958731704,0.4775507072133415,0.5099448588279254
id03101,0.9617637398979909,0.010587964941254888,0.02764829516074406
id12367,0.79362707121361,0.0406178158890848,0.165755112897304
id10770,0.650834446264957,0.024808118380432665,0.3243574353546123
id14949,0.0008225705068907891,0.9991712786072275,6.1508858712451355e-06
id14141,0.13896455998948537,0.8610326403479813,2.7996625602630967e-06
id25417,0.23968129349474146,0.7219555924307495,0.038363114074509715
id26873,0.8398117595716206,0.0015918279517893308,0.15859641247659065
id10818,0.4456657852119718,0.005507100975672437,0.5488271138123489
id15146,0.9331298160665974,0.013740406701505132,0.05312977723189269
id23328,0.9985289644211144,0.00011177126423477609,0.001359264314640159
id16765,0.46998636396265075,0.5210583280967486,0.008955307940603707
id24383,0.9999616072860122,3.0790283603858142e-06,3.5313685640313675e-05
id21304,0.7149902511691337,0.005941356983223898,0.27906839184764637
id12551,0.00035031616362526203,0.9996490555902682,6.28246110407805e-07
id23274,0.015543999806072855,0.07866138807312481,0.9057946121208137
