id,EAP,HPL,MWS
id02310,0.3476226105607329,0.12718819481605656,0.5251891946232117
id24541,0.7335374461387538,0.14527901966220264,0.12118353419904627
id00134,0.38762972799938566,0.5336404859121929,0.07872978608842177
id27757,0.4493393143491042,0.48614228122074743,0.06451840443014774
id04081,0.7245863646901057,0.146275203308984,0.12913843200091127
id27337,0.5625453613758675,0.3311356558120406,0.10631898281209275
id24265,0.5004455339411515,0.3348991508116917,0.16465531524715693
id25917,0.18121870791938927,0.22881395158752446,0.5899673404930864
id04951,0.8441746864795577,0.11228729163242958,0.04353802188801429
id14549,0.6177753165229153,0.1384073090031645,0.24381737447391863
id22505,0.2551731492923523,0.24340959054298605,0.501417260164658
id24002,0.07275804091135345,0.8902677302233042,0.03697422886534093
id18982,0.34863833720180226,0.2881752986994996,0.3631863640986998
id15181,0.22200692572079683,0.7028684663204882,0.07512460795871534
id21888,0.41008369327291194,0.22730357061822332,0.3626127361088646
id12035,0.07172201202422693,0.031945566687036235,0.8963324212887372
id17991,0.3426590826777795,0.1483966148644963,0.5089443024577254
id10707,0.9556222365982612,0.015526485174649378,0.028851278227092523
id07101,0.27734818715775994,0.30234826815238725,0.4203035446898516
id00345,0.5803169207959594,0.28460717989256157,0.13507589931147776
id05912,0.662820264512736,0.15629447104619698,0.18088526444106842
id13443,0.7683592374685794,0.08692731296943115,0.14471344956198626
id09248,0.26684213084922515,0.19319872111441125,0.5399591480363634
id17542,0.1973022788061743,0.7012650408017683,0.10143268039205915
id06995,0.23423921009256501,0.05197959178687716,0.7137811981205562
id25159,0.6686374024792823,0.11674700213273867,0.21461559538797817
id25729,0.5483178196650234,0.317472989173077,0.13420919116189947
id26949,0.7127836632953922,0.15973330812861303,0.12748302857599403
id27191,0.4156951950116864,0.1752893375450526,0.4090154674432602
id07668,0.34672996016865243,0.06302627699860576,0.5902437628327403
id02230,0.2956066542045849,0.3112634515328134,0.3931298942626014
id15553,0.8783265915870843,0.04845805112596455,0.07321535728694997
id25688,0.10337714537604403,0.785804702780007,0.11081815184394936
id17545,0.7114969896112121,0.13192691717005958,0.15657609321872942
id13929,0.3656781763105596,0.3761373179985442,0.25818450569089646
id12880,0.45245885863518515,0.2771311153091496,0.2704100260556654
id19282,0.49357044048628584,0.18886670804337308,0.31756285147034247
id14690,0.10818929306545391,0.043141798948465766,0.8486689079860785
id17975,0.2168791490607738,0.5886658941964714,0.19445495674275146
id08037,0.4408494241187489,0.06940684516493915,0.4897437307163144
id15412,0.2240600480179889,0.08351921769516989,0.6924207342868411
id25032,0.2082942592389839,0.16319879502324972,0.6285069457377667
id27165,0.8699598186815962,0.057488791628922044,0.07255138968948145
id03327,0.4787599239401479,0.3633566810599922,0.15788339499985887
id18515,0.6420408762243989,0.11944040619982219,0.2385187175757761
id21003,0.3131515070465788,0.09616120026944285,0.5906872926839775
id23855,0.1026816180727185,0.6147868251151958,0.28253155681208697
id20724,0.5382364653069073,0.25562618485361094,0.20613734983948165
id13303,0.43996233229193116,0.16597835778586278,0.3940593099222075
id16521,0.06900992559012009,0.290494451730561,0.6404956226793206
id20775,0.858084224269062,0.09448177248610902,0.04743400324483005
id13029,0.8612980285536095,0.06550716984215323,0.07319480160423637
id14660,0.5778198928579935,0.23746231085167036,0.18471779629033477
id11028,0.06304514504202716,0.02110947958923085,0.9158453753687408
id14180,0.7917629693849628,0.12771237542575611,0.08052465518928104
id25860,0.9441515927651369,0.03870465843461162,0.017143748800249273
id11910,0.5458229734424479,0.08389401388624049,0.3702830126713098
id08065,0.33816310229317237,0.23436589045181766,0.42747100725501014
id22674,0.21720707528916794,0.08828507494745795,0.6945078497633719
id25018,0.3084546820196108,0.09560845891034904,0.5959368590700405
id10892,0.23618144263995355,0.6638888469014249,0.09992971045862283
id10217,0.4567964539099539,0.4578230689722993,0.08538047711774432
id12996,0.2081298429172294,0.37270432773017054,0.41916582935260016
id18262,0.4081410854782025,0.19479581022173675,0.39706310430006164
id08606,0.08842175657793516,0.8351261138864626,0.07645212953560285
id17233,0.5970149185450948,0.1202727393670117,0.28271234208789303
id00101,0.4993366459515862,0.19193743413297398,0.30872591991544057
id12225,0.6388023981266617,0.21824422138417543,0.1429533804891625
id01364,0.22848003723581423,0.6544584475550353,0.11706151520915184
id24973,0.5916454966290081,0.13259401955130734,0.27576048381968454
id25363,0.5975623162018766,0.07970092399678458,0.3227367598013364
id10061,0.6037179266796494,0.1018316347020554,0.29445043861829745
id17673,0.36757653393292955,0.46414763140926335,0.16827583465780746
id13249,0.37515668106437344,0.18693410593118703,0.43790921300444025
id10107,0.14722221353750592,0.07576466024699016,0.7770131262155041
id04403,0.7433952696375987,0.0768543859816395,0.17975034438076057
id25728,0.6660456589414844,0.09777488539851317,0.23617945566000134
id16184,0.46674046731288354,0.1342839169679221,0.39897561571919504
id03438,0.07943008816749884,0.01463427218420212,0.9059356396483007
id22923,0.3366514851569995,0.6084483530524788,0.054900161790521596
id08610,0.774118356340331,0.07569622421486473,0.15018541944480412
id25355,0.2228871431337591,0.14000923756445488,0.6371036193017856
id16916,0.4558731173510401,0.37046439018468263,0.17366249246427695
id12793,0.4070628131382556,0.44566152531077824,0.14727566155096852
id11859,0.6236101584372626,0.11582846646723756,0.26056137509550037
id02434,0.9135937036222153,0.04813393664947458,0.038272359728311424
id27703,0.15455244007545973,0.06096682944828082,0.7844807304762607
id25212,0.2732689793408142,0.6068936088763902,0.11983741178279719
id11308,0.17145041066066843,0.2080264912352984,0.6205230981040344
id26094,0.614379016542955,0.24217027515386885,0.14345070830317733
id22080,0.7191557067295505,0.2443080283116597,0.036536264958789984
id03545,0.7642500641638454,0.18515448996186545,0.050595445874290296
id23725,0.1582826293010135,0.10758328148442822,0.7341340892145612
id12009,0.5159748501527525,0.274787387094166,0.20923776275308165
id24241,0.4459846190227532,0.2200590315878665,0.33395634938938007
id03596,0.24512444862447455,0.6246082370320734,0.13026731434345176
id10749,0.33901667610778874,0.43063995096680574,0.2303433729254058
id22794,0.09629032625718328,0.06733830655006225,0.8363713671927547
id15482,0.4560827949255132,0.1466908011739894,0.39722640390049563
id04833,0.5234469270439458,0.3061750390066812,0.17037803394937462
id00397,0.21650420323949085,0.01933041989617819,0.7641653768643294
id14691,0.26462016469533284,0.08445226170470521,0.6509275735999627
id05193,0.18696570641889848,0.09190398388438692,0.7211303096967158
id19541,0.6288133525116505,0.15163999965601746,0.21954664783233135
id22166,0.0702394371152402,0.05742491483327793,0.8723356480514822
id20744,0.2657725431567867,0.12275991650433503,0.611467540338878
id10392,0.12047257719416815,0.034871025435446255,0.8446563973703861
id00770,0.6719731593075993,0.19824135719983263,0.1297854834925695
id06018,0.24412498923034787,0.5961537678368971,0.1597212429327551
id15678,0.2867902741388905,0.08856774731323876,0.6246419785478674
id08305,0.7222449081095096,0.18356494263171513,0.09419014925877495
id08903,0.4358955693964566,0.24358999105745807,0.3205144395460857
id14752,0.5053966055864856,0.3775964160205923,0.11700697839291982
id12468,0.2497117140628084,0.6699683496730421,0.08031993626414703
id05085,0.4489603614994942,0.34381791956552205,0.2072217189349832
id21993,0.2880562343014178,0.05443518053025734,0.6575085851683244
id15503,0.6275870107996564,0.2797994966663669,0.09261349253397753
id03021,0.07066339588067393,0.8649002310750917,0.06443637304423772
id16123,0.9298278670778812,0.03520081842747104,0.034971314494647375
id19383,0.886863025498253,0.06654654159258738,0.046590432909158944
id04186,0.9417825297284008,0.027227181315795858,0.03099028895580272
id17954,0.14154207874988423,0.03068300916581311,0.8277749120843042
id12030,0.3709091842307621,0.04749156925915609,0.5815992465100821
id13020,0.5091449793582584,0.395715891781448,0.09513912886029517
id25327,0.13345468907381597,0.4184968647994278,0.448048446126754
id16344,0.2740888886680386,0.194299573725953,0.5316115376060071
id12303,0.3750765839715031,0.4529355673993677,0.17198784862912916
id15017,0.8076835400876038,0.09008741830570513,0.10222904160669437
id22308,0.511681129248846,0.15258887399977544,0.33572999675138027
id06536,0.1127273651061841,0.1590557313433738,0.7282169035504443
id19797,0.16219855244789175,0.4976294939033726,0.3401719536487365
id06332,0.40885929369470786,0.3494109049152438,0.2417298013900487
id22941,0.38380463543651216,0.19377437261084285,0.42242099195264504
id13547,0.15983171570150476,0.2168075628743707,0.6233607214241262
id06928,0.1953614889869141,0.03534323131888317,0.7692952796942032
id12521,0.5348602440075667,0.3306124498651957,0.13452730612723826
id25716,0.656324756768508,0.10737372534156674,0.23630151788992507
id27116,0.015521889001690338,0.004785001391610948,0.9796931096067
id19941,0.1558154024313916,0.6801234007222621,0.16406119684634562
id05711,0.05919867749448143,0.07727477772261557,0.8635265447829036
id02097,0.05884313387487398,0.14161564348926833,0.7995412226358588
id03563,0.19772413223544125,0.7539078398826857,0.048368027881870015
id02295,0.3477690482413054,0.4436734103849279,0.20855754137376714
id08179,0.924835771874747,0.03872988988214788,0.036434338243108225
id05332,0.1146876118223439,0.7359212166070792,0.14939117157057707
id15697,0.5394575402986413,0.19064872932661903,0.2698937303747432
id17026,0.24442860892106458,0.14862968617517078,0.6069417049037634
id04243,0.6554664911578518,0.195343507451921,0.149190001390226
id13175,0.9565122672573552,0.025372513602900028,0.01811521913974313
id05387,0.7085124840521909,0.11134451550430938,0.18014300044350257
id19989,0.6334108929690975,0.17674174722565714,0.18984735980524256
id25173,0.3370435485217322,0.11717108369654791,0.5457853677817233
id08925,0.19635266247926358,0.7291186923756365,0.07452864514509845
id03034,0.12653707470403283,0.5801644510508117,0.2932984742451565
id13272,0.21318224913394956,0.6410601056112206,0.14575764525483284
id07956,0.7095227358597082,0.11434000721731473,0.17613725692297627
id02648,0.15234181344846712,0.05433300330658505,0.7933251832449467
id01778,0.31595796669209997,0.03259698184267954,0.6514450514652218
id12846,0.06072617135900762,0.02376858249244156,0.915505246148554
id19001,0.26145252099376304,0.10137903434103622,0.6371684446652006
id05763,0.616764702131025,0.15076677247614523,0.2324685253928286
id15590,0.11741058619415282,0.03603835422551133,0.8465510595803362
id04912,0.5187868819092883,0.1987533727578328,0.2824597453328804
id21201,0.6470583534768877,0.18878229857369686,0.1641593479494158
id13215,0.799120906991013,0.08089499927132937,0.11998409373765903
id15612,0.1979608031826151,0.6367885798405264,0.16525061697685897
id18501,0.24097226091256987,0.1703197532573327,0.5887079858300986
id07223,0.38518803222382925,0.4611296213105788,0.1536823464655912
id06707,0.4757684470216665,0.32063362579666327,0.2035979271816701
id05238,0.08297814060593552,0.8520448120229266,0.06497704737113826
id00935,0.16798959325976645,0.2286071081450614,0.6034032985951743
id00110,0.5532926180012449,0.15449065530887812,0.29221672668987897
id17476,0.736903532780655,0.13246559773708666,0.1306308694822598
id15170,0.819636915689302,0.09157605646512364,0.08878702784557348
id13397,0.44495214547160555,0.16473483684083937,0.3903130176875537
id24283,0.45054531715684515,0.23325362068100366,0.31620106216214955
id15234,0.7065951955751341,0.2008310365177918,0.09257376790707268
id16884,0.5389834918524388,0.2890716242857338,0.17194488386182466
id07831,0.24876560034889272,0.49091686658197875,0.2603175330691292
id16038,0.7190920232481854,0.17823773308618837,0.1026702436656277
id03629,0.6522642923649479,0.14579408789924256,0.20194161973581023
id21019,0.5380534097216195,0.28849081646580615,0.17345577381257513
id21835,0.39999104713463085,0.2278782739629647,0.37213067890240403
id04480,0.28703555174688955,0.642546976716233,0.07041747153687623
id20838,0.5188173155243708,0.2915710081828264,0.1896116762928029
id24195,0.34257759799993537,0.3116873470993148,0.34573505490075124
id05448,0.5902491323574692,0.22552743169250966,0.1842234359500197
id15957,0.20718702150848986,0.7078495170040265,0.08496346148748515
id19956,0.11601452520544739,0.026682019618060528,0.8573034551764906
id15104,0.18040212771551792,0.2189497105731518,0.6006481617113297
id17559,0.3705324358125429,0.41422527798719105,0.2152422862002658
id16839,0.42749411566013584,0.20579793831873952,0.36670794602112367
id14493,0.4935605597077292,0.11760226155611748,0.38883717873615287
id08833,0.5035619956153915,0.14569962801638978,0.35073837636822114
id15723,0.2641040241868986,0.24423548626167624,0.4916604895514246
id02716,0.7446112246910885,0.15788147365393268,0.09750730165497713
id06689,0.21465347588342593,0.6567583172348829,0.1285882068816917
id18837,0.37086127377479144,0.29831769228261124,0.3308210339425964
id04466,0.7764639662122973,0.1176931800125323,0.10584285377516886
id00686,0.7547451520218535,0.0794898567763224,0.16576499120182753
id09010,0.37372112313430056,0.5380683968048309,0.08821048006086966
id23353,0.7480856705530142,0.10214553424212137,0.1497687952048635
id00066,0.550726844234499,0.19389347063218773,0.25537968513331233
id15724,0.16302920262024645,0.6893612421888652,0.14760955519088792
id23486,0.34542315081708125,0.07001771619254414,0.5845591329903731
id22258,0.21922168331785494,0.10595928670551462,0.6748190299766297
id02292,0.6779308947933038,0.15302710831298258,0.16904199689371446
id16356,0.443568169207106,0.0657996822843001,0.4906321485085937
id00235,0.7769130427079102,0.07073806376206215,0.1523488935300267
id25522,0.35933719760269694,0.06039299497656336,0.5802698074207387
id04204,0.3082601115251452,0.5312100494606442,0.1605298390142094
id22016,0.6004551850618461,0.14478311302810098,0.2547617019100532
id06480,0.2871633645995661,0.5289044496664193,0.18393218573401413
id08718,0.289477089252443,0.1544140682857476,0.5561088424618095
id05251,0.20303883552090954,0.6512884008944674,0.14567276358462536
id03359,0.7103294482044744,0.17358288803816288,0.1160876637573612
id16117,0.15719475826870052,0.040158433490517655,0.8026468082407794
id17000,0.12365709350470996,0.8160350656591506,0.06030784083613871
id01730,0.2731811047980707,0.5956866821889774,0.13113221301295047
id00630,0.6470232327044783,0.22323045768372496,0.12974630961179653
id18175,0.2228616853914636,0.07930204944901122,0.6978362651595262
id00907,0.6706703371505526,0.12029324933029781,0.20903641351915
id18251,0.2445600140395147,0.6655606216757783,0.08987936428470647
id25861,0.6213033816119015,0.1309142496950912,0.2477823686930074
id00398,0.4743197336279047,0.26557254287398924,0.2601077234981042
id27573,0.8734433139104498,0.036936469602588944,0.08962021648696024
id10022,0.17027584049775876,0.5173922722375212,0.3123318872647189
id15901,0.2260037102718832,0.0485004108882737,0.7254958788398399
id00451,0.2820517097276829,0.09842387115039387,0.6195244191219261
id23129,0.2641307478005007,0.5944171207336949,0.14145213146580116
id26498,0.36522532493835286,0.3856701102847314,0.2491045647769153
id14741,0.3573463482536057,0.23442487668995957,0.40822877505643623
id18453,0.3766001477423453,0.09902516586869226,0.5243746863889628
id08309,0.7304340604444347,0.11794462423190191,0.15162131532366338
id00320,0.84788851535109,0.05770498474463966,0.09440649990427329
id07688,0.3163659693363421,0.11037015986929957,0.573263870794359
id01556,0.17230291576364182,0.029937966311735925,0.797759117924624
id00178,0.36876555133007816,0.09748164837849052,0.5337528002914348
id18902,0.25334358591309153,0.24458050590357616,0.5020759081833328
id27002,0.5569698988427085,0.3119278230044798,0.13110227815281233
id21418,0.9147531640339392,0.05990762516267579,0.025339210803387465
id23018,0.3769311760850536,0.21738905827450183,0.4056797656404437
id07032,0.432833454466296,0.34166593927860317,0.22550060625509943
id16195,0.3829847250072844,0.11419919248100618,0.5028160825117077
id11202,0.24842444940396963,0.5328946105447212,0.2186809400513103
id09578,0.4738833613849345,0.14099958824782047,0.38511705036724464
id26984,0.5837834133863344,0.07897913027907019,0.33723745633459706
id19856,0.22790909742943316,0.6743145923141252,0.09777631025644369
id12086,0.40683218437258545,0.130325071705535,0.4628427439218802
id12052,0.19987495602323635,0.15273422547526638,0.6473908185014965
id17728,0.21469201524985895,0.07377866236035555,0.7115293223897822
id24608,0.5779901575006732,0.1895078874385685,0.23250195506075874
id21097,0.33463450216682505,0.10895837458677528,0.5564071232463971
id20179,0.06341367407705048,0.024617117473232926,0.9119692084497185
id15144,0.41340785479853676,0.3944408540284434,0.19215129117302032
id00206,0.7810926456640783,0.06864947812112988,0.1502578762147902
id22285,0.20683205162248322,0.06391992007397712,0.7292480283035411
id06417,0.23828295319922269,0.37520397331086996,0.3865130734899077
id00215,0.2025533822350401,0.7315315643727897,0.06591505339216906
id04201,0.3163184331342184,0.12481853319341958,0.5588630336723633
id21771,0.8305425993594361,0.08876288738000351,0.0806945132605616
id12451,0.20495189704932731,0.39137999593096995,0.40366810701970174
id14250,0.17105095530033768,0.6140434665317955,0.21490557816786737
id03433,0.21124964670168758,0.6441041069291221,0.14464624636919038
id03303,0.24523975311768811,0.10476452908251224,0.6499957177997988
id25901,0.3247189818446215,0.40623984209746916,0.26904117605790806
id06945,0.6773642654456311,0.1073360422695257,0.21529969228484205
id05664,0.3578606776987723,0.403059062842638,0.23908025945858916
id05741,0.9136102689896066,0.028314396265756946,0.058075334744637455
id10652,0.3726729387399832,0.3192639358779769,0.3080631253820393
id16300,0.8174115305986998,0.07281017336932363,0.10977829603197659
id12319,0.466617957272684,0.17904829841636247,0.35433374431095294
id07500,0.2431256367112804,0.7200934764757485,0.03678088681297139
id12478,0.2664612463400126,0.3723019534977516,0.3612368001622358
id03076,0.27494283660033936,0.054239809534459865,0.6708173538651999
id00969,0.35737370591574597,0.42643281346923384,0.2161934806150207
id23636,0.18341024782377943,0.6541087209391975,0.1624810312370218
id09791,0.17128973595943725,0.12409423860397951,0.704616025436582
id05680,0.23815018894903178,0.31171754044372624,0.450132270607244
id03672,0.31827238503472177,0.3558772711697536,0.32585034379552186
id04286,0.20911906295538882,0.545884917891678,0.24499601915293406
id23883,0.1098491575298071,0.4232798636025218,0.46687097886767287
id11914,0.5278746056758371,0.12622176680094907,0.34590362752321235
id20974,0.18870758197226045,0.6780101095855205,0.13328230844221897
id26125,0.17215463542023568,0.15913758209502346,0.6687077824847425
id15543,0.44027843437839725,0.14370876777308525,0.416012797848519
id19471,0.9228172954159938,0.028626723706527784,0.048555980877481766
id11503,0.6079801883899942,0.2542064420638261,0.1378133695461787
id09321,0.18763453429455404,0.49775143640967,0.31461402929577464
id25560,0.03821727971890223,0.027145614345745982,0.9346371059353549
id06726,0.31550990898879083,0.2432910799294879,0.44119901108172005
id05709,0.7830115088859552,0.06506344378822776,0.15192504732581683
id09788,0.335195352816507,0.37703050802299326,0.2877741391604995
id05289,0.8874581323418009,0.0683570383294582,0.04418482932873989
id11815,0.1545910118141695,0.7400842743281469,0.10532471385768495
id22422,0.3773441815247458,0.2606660491347088,0.3619897693405458
id25954,0.6446696437029363,0.1039160118070603,0.25141434449000316
id13601,0.39684542464774253,0.42623846396425663,0.1769161113880013
id05677,0.5898873339895035,0.10143418002643528,0.30867848598406256
id10498,0.21997586317842788,0.6979864066992864,0.08203773012228449
id02665,0.39184095137154673,0.4635595478329529,0.14459950079550205
id10114,0.22452218959923315,0.48154348130199687,0.29393432909876827
id26314,0.5102011649315592,0.2806030302410376,0.2091958048274048
id21240,0.30935994324412414,0.19716611833177905,0.4934739384240964
id15569,0.732397068023208,0.13162234358753197,0.1359805883892574
id25928,0.2689764556710923,0.18988480815272854,0.5411387361761792
id22706,0.3339703823418106,0.5767156954891565,0.08931392216903045
id20877,0.07950104741579005,0.7717828084646869,0.14871614411952253
id04318,0.5688883196528318,0.1470231083901104,0.28408857195705844
id18299,0.1776032165790615,0.664171484431741,0.15822529898919718
id08126,0.26245515230135474,0.020692390796049658,0.7168524569025978
id14293,0.50922329285728,0.08669122949134048,0.4040854776513807
id12759,0.875824408418024,0.06331359219052317,0.060861999391453536
id11983,0.5135660477577615,0.13600246587596632,0.35043148636627347
id05580,0.3583000916144771,0.41795876530600024,0.22374114307952492
id25846,0.466961208635271,0.2753215836541935,0.25771720771053597
id01939,0.34639402532787694,0.15865929161062814,0.4949466830614942
id26327,0.24774143857204062,0.35848999292791534,0.3937685685000451
id11068,0.1937746048899117,0.11699957055350381,0.6892258245565862
id08404,0.6726075856724578,0.07981593365143351,0.2475764806761112
id27189,0.6098048965787963,0.28063416796610363,0.10956093545510343
id15119,0.19877130921612005,0.6075459821430761,0.19368270864080453
id26525,0.7949858814037567,0.07340331823441512,0.1316108003618274
id03618,0.5540618786719859,0.26369324556764506,0.1822448757603703
id27220,0.8411318295040803,0.0864029648043534,0.07246520569156849
id18777,0.15281829734494756,0.05483161890314822,0.792350083751904
id20213,0.656010450387528,0.17864776769011612,0.16534178192235408
id20403,0.71288132073517,0.19694434650685153,0.09017433275797959
id03777,0.2960267867466798,0.11178080316476621,0.592192410088554
id10595,0.32391489237729776,0.5096995838385596,0.1663855237841437
id13816,0.427435909478409,0.054566046239368476,0.5179980442822221
id05667,0.24081149006283104,0.14847430461598438,0.6107142053211841
id24629,0.5090869709478458,0.11912624173328477,0.37178678731886977
id20398,0.2893577763812325,0.3041048168734346,0.40653740674533206
id14108,0.14119240193141122,0.06650022857712987,0.7923073694914583
id06196,0.1261009153311655,0.8017151504063358,0.07218393426250073
id02800,0.4698708290809393,0.33903447456589547,0.19109469635316428
id18732,0.11949585189208192,0.7974668900002682,0.0830372581076517
id11915,0.2899984249508054,0.5279827831337289,0.1820187919154647
id09739,0.6809566659280049,0.13011492119139406,0.1889284128806012
id24672,0.7618963344005689,0.1339418549969422,0.10416181060248692
id00414,0.11829000387825594,0.171438530402072,0.7102714657196735
id16307,0.6632881375732804,0.1261740416710564,0.21053782075566443
id14043,0.260200650233483,0.15489640828865833,0.5849029414778586
id00517,0.012680731835963818,0.011116860745799246,0.9762024074182354
id09744,0.7879365196991601,0.15588443838819172,0.05617904191264736
id19257,0.7823531830642725,0.10240208051335206,0.11524473642237669
id15437,0.5824460553927491,0.30114197127078374,0.11641197333646798
id16352,0.3390193527462411,0.12896177971656791,0.5320188675371905
id18849,0.4818003015591007,0.17762839115619888,0.34057130728469936
id19434,0.03388544261078056,0.9316718924708293,0.034442664918393304
id17928,0.29733497468960274,0.16402722632809213,0.5386377989823042
id16896,0.19285294933738348,0.06298255110160295,0.7441644995610124
id02135,0.30284861550476905,0.3483801469798939,0.34877123751533784
id15075,0.6899621601983208,0.13946312725093188,0.17057471255074705
id27486,0.16624862141147764,0.750870760475754,0.08288061811276545
id19422,0.5883292538756235,0.1918732805948486,0.2197974655295288
id09603,0.3245125770834072,0.5098407958265441,0.16564662709004832
id02133,0.3194429548558059,0.4735495591520082,0.20700748599218508
id03441,0.41084495252634823,0.11848600420661384,0.4706690432670372
id02398,0.16701737982043638,0.7798333722279323,0.0531492479516328
id05152,0.38852342602433937,0.07758349722884383,0.5338930767468183
id17838,0.42077120043936994,0.12254956956856139,0.4566792299920679
id25060,0.7683137990599812,0.15920963489706444,0.07247656604295308
id09998,0.2430083802751062,0.15898783946745207,0.5980037802574403
id01828,0.15271135317758208,0.642884281925556,0.20440436489685898
id25377,0.36059676319446216,0.12447769821489342,0.5149255385906453
id22175,0.2394235620472889,0.6582052900735299,0.10237114787918296
id02974,0.2573638933181848,0.11491621684248163,0.6277198898393321
id26955,0.9037359088385978,0.06074811445910668,0.03551597670229641
id21091,0.734397406775874,0.11552031209915016,0.15008228112497482
id12802,0.8641618588622909,0.08443192802992298,0.05140621310778519
id07432,0.08570097877214002,0.8546428453640406,0.05965617586381787
id18749,0.3621218949561609,0.25643402168354373,0.38144408336029395
id15030,0.11332534072978442,0.1394108634619034,0.7472637958083108
id17155,0.2482110948352937,0.5493801525196501,0.20240875264505784
id08128,0.1350705195389144,0.5405125530653768,0.32441692739570943
id25706,0.07382313483295072,0.665366691159188,0.2608101740078628
id15645,0.6336935979532068,0.23099395861170524,0.13531244343508791
id04943,0.6754415331715385,0.13545393687251425,0.18910452995594873
id27566,0.24750030352641497,0.11459315104365536,0.63790654542993
id11765,0.3546342206162691,0.2748402970706767,0.3705254823130559
id13783,0.41668356699422965,0.33263569700205825,0.2506807360037113
id00492,0.10566712659465975,0.11450741374339757,0.7798254596619427
id27636,0.30706848302667245,0.12296349892064268,0.5699680180526825
id04273,0.6589710762104753,0.21524068081857767,0.1257882429709484
id02537,0.30775549344512304,0.28312816391350804,0.4091163426413683
id24349,0.6389225640020512,0.2637392805600098,0.09733815543794007
id00023,0.08542711578340571,0.7032521914036032,0.21132069281299037
id23025,0.37099448036122185,0.5358937972838751,0.09311172235490126
id08722,0.5728623754785688,0.15477095156713233,0.27236667295429806
id02420,0.8354234191681285,0.12304394834892572,0.0415326324829424
id10811,0.733236115005149,0.08520579937121564,0.18155808562363662
id04019,0.16188030473245002,0.12271920810050647,0.7154004871670441
id18334,0.8489312628301908,0.08787485925334468,0.06319387791646404
id16781,0.3839911247932174,0.4764073313391453,0.13960154386763637
id08773,0.4797049689759099,0.42750042924515186,0.09279460177893822
id19214,0.5047008712847735,0.2420790408245039,0.25322008789072137
id09589,0.06251630520359445,0.7625265675923045,0.1749571272040995
id24246,0.5988103806821777,0.1185142733941778,0.2826753459236467
id23577,0.5364637181852442,0.414942752021014,0.04859352979374326
id09305,0.5352983633348901,0.07807021188298542,0.38663142478212553
id16460,0.43652014895158664,0.12649137184988998,0.4369884791985219
id21115,0.5125767706280756,0.17777149021656902,0.309651739155355
id25996,0.45534024185464866,0.1721314501981408,0.3725283079472112
id02551,0.1409606674174874,0.12642550101771513,0.7326138315647983
id19352,0.142959347666837,0.022779882200729448,0.8342607701324339
id03806,0.260614015747141,0.099507020458467,0.6398789637943935
id26544,0.7015030017890673,0.0830747756415475,0.21542222256938656
id18761,0.7705515290890783,0.09471866939113667,0.13472980151978586
id24148,0.35283919595260715,0.5344214897768663,0.11273931427052859
id16095,0.1642954973674641,0.6678577208278109,0.167846781804726
id18442,0.6379413745173985,0.13303638407181215,0.22902224141078825
id22596,0.031007473162410062,0.006997304463476367,0.9619952223741149
id23002,0.11831417431815298,0.10227340006586268,0.7794124256159842
id04797,0.8316903611055052,0.07252283959414954,0.09578679930034584
id06610,0.33181690994290475,0.061013769539041154,0.6071693205180538
id16173,0.33610239927132024,0.40372416725433874,0.2601734334743419
id18292,0.27107244937312935,0.13231121930696738,0.5966163313199001
id27328,0.7985825605631531,0.06272051223903002,0.13869692719781834
id01695,0.268500143439497,0.6251418672322796,0.10635798932822482
id05761,0.58131936543841,0.06312767834239527,0.3555529562191932
id16354,0.7813365912290224,0.09077005682676159,0.1278933519442154
id12207,0.22831019489621418,0.46841995819607074,0.30326984690771386
id05665,0.34821397345156513,0.06966734903486417,0.582118677513574
id01911,0.6139783830897073,0.26222791427089787,0.12379370263939385
id19153,0.1424845206312435,0.07357446646810355,0.7839410129006535
id10295,0.47780114440668,0.2629490525960434,0.25924980299727673
id23038,0.3881947194118997,0.3597095523275629,0.2520957282605361
id23783,0.5678856403133331,0.35079534598846684,0.08131901369820066
id27879,0.6976130304850171,0.1970551764084502,0.1053317931065341
id19190,0.1911358004909374,0.7656019197095295,0.043262279799531955
id05065,0.7946304670047352,0.11045778805277753,0.09491174494248857
id21296,0.26511726180106915,0.4283585543681507,0.3065241838307786
id13262,0.36676167217825184,0.2130621564654861,0.42017617135626256
id10333,0.6650535780329614,0.11827036187295936,0.21667606009408086
id16677,0.24734590483086458,0.227725302048154,0.5249287931209818
id01392,0.42232556034586854,0.09962638765447489,0.47804805199965783
id27874,0.3363014140834853,0.3012683305391971,0.3624302553773174
id02294,0.07818524768786245,0.7599282206774978,0.16188653163463912
id18298,0.1340671615434341,0.11376193473844663,0.752170903718118
id06997,0.7545364355714315,0.08791575871249603,0.1575478057160742
id05243,0.3761819026557342,0.19508919954068646,0.4287288978035796
id00860,0.17980705868996208,0.5250435854348761,0.29514935587516417
id26681,0.8415990636110935,0.11276753056339311,0.04563340582551483
id06020,0.08117832876204276,0.008013703498437226,0.9108079677395217
id27683,0.45799177538360464,0.2097892035337961,0.3322190210825979
id17655,0.2126046157867675,0.7358341996262683,0.05156118458696385
id08817,0.22444692680408507,0.1143325986483323,0.661220474547583
id11512,0.09230966469615517,0.12262162851694212,0.7850687067869009
id00478,0.2859062952244669,0.14844925829639133,0.5656444464791429
id02116,0.6923488134222556,0.1278404376464085,0.1798107489313328
id06746,0.7852134435925333,0.13144055861072526,0.08334599779673996
id03863,0.38994909983592635,0.43826648659448775,0.17178441356958524
id01802,0.25171246763571564,0.5011418480179322,0.24714568434635406
id11682,0.7134779251917925,0.07448245763976087,0.21203961716844805
id04033,0.1167158082857488,0.7329374473259496,0.150346744388301
id09286,0.22318897251123815,0.49314398571525986,0.2836670417735027
id12904,0.8930867207831873,0.06935336457885623,0.03755991463795532
id07420,0.14535066287633508,0.06422157415857334,0.7904277629650912
id22398,0.045706277933609166,0.894672240285418,0.05962148178097618
id00424,0.2853075038363071,0.1078782468191373,0.6068142493445552
id20960,0.6307318914373856,0.22794990498063783,0.14131820358197628
id10267,0.478367001301197,0.2626946773090555,0.25893832138974765
id19330,0.3951154510196479,0.04549969851390697,0.5593848504664435
id00994,0.2086264131069759,0.6552410503861464,0.13613253650687857
id10785,0.53666035805157,0.22378852936167243,0.23955111258675899
id00955,0.1229362269320323,0.7680873686139414,0.10897640445402768
id09757,0.1742419548778595,0.7629677860468321,0.06279025907530779
id10030,0.26063448815269913,0.14749295785202024,0.5918725539952822
id22952,0.2444384630756456,0.3198512592083291,0.4357102777160261
id21955,0.04757876987306483,0.07312703289169596,0.8792941972352386
id07674,0.6239707200124595,0.11872862328490508,0.25730065670263613
id13760,0.2882306293006555,0.5987699624938729,0.11299940820547262
id18166,0.7385624374975459,0.06254019495283519,0.1988973675496187
id23498,0.7472537502708514,0.20998902647768844,0.042757223251461314
id05296,0.8094710347745931,0.06763768901614145,0.12289127620926453
id26709,0.4937000947825194,0.2487610442417413,0.2575388609757402
id02853,0.7248831544171751,0.17794512232596038,0.09717172325686399
id06800,0.3274066759711396,0.2088979063946985,0.46369541763416355
id14758,0.41578689165515503,0.27677058804892285,0.30744252029592506
id12356,0.717420085430044,0.1641590608014475,0.11842085376850728
id21492,0.49434364029683725,0.28424225646694207,0.22141410323622054
id27540,0.46508424924800623,0.07409936452467325,0.46081638622732113
id07376,0.3646869450364528,0.3335583355917893,0.3017547193717594
id15201,0.6133562638115797,0.26736461051466837,0.1192791256737525
id23388,0.1520898751377984,0.6834290051068485,0.16448111975534968
id13923,0.24592141110121585,0.6440531314125326,0.11002545748625352
id00794,0.14555584186981668,0.7356981595270813,0.11874599860310331
id23910,0.3275955422947651,0.19431771113687796,0.478086746568354
id02556,0.11539893673999764,0.1703407749181144,0.7142602883418881
id22151,0.12577932918040682,0.7830862940830445,0.09113437673654658
id11698,0.19682382753929878,0.6151858708636619,0.18799030159703764
id11627,0.4623737834847455,0.21627439893925754,0.32135181757599834
id06340,0.9184024220254418,0.04278811988176437,0.03880945809279264
id05123,0.745539282644851,0.10596426066508226,0.14849645669006617
id26620,0.1419079271186334,0.05746886314165356,0.8006232097397145
id04002,0.1544242810673837,0.34958155635084925,0.49599416258176643
id26554,0.39623422447760176,0.33371405819824085,0.27005171732415645
id18012,0.28327233361107,0.28873953419651754,0.4279881321924158
id12964,0.1879115005078321,0.16065495888248993,0.6514335406096764
id18965,0.23217072165778266,0.37270430961877826,0.3951249687234395
id19082,0.23076536967640104,0.1008911243349563,0.668343505988643
id26742,0.15189250700723556,0.04602028291054051,0.8020872100822204
id15442,0.14949315234439176,0.7409840348703958,0.10952281278521106
id16647,0.35192894246649997,0.23227957394495027,0.41579148358854834
id11544,0.37768770014552927,0.1592395699835031,0.463072729870967
id20581,0.46348219972643695,0.13322744742775763,0.4032903528458041
id13192,0.33843484923574096,0.34640207406817514,0.31516307669608473
id15814,0.33289175672438526,0.21281420078837177,0.4542940424872439
id26279,0.33210214132482013,0.5250484275356938,0.1428494311394863
id00240,0.7981976988963913,0.08579616972393674,0.11600613137967164
id22836,0.8492167252839116,0.0676893001197377,0.08309397459635393
id15085,0.17245760414804548,0.4328077747577128,0.3947346210942399
id17495,0.37439686485129986,0.10497376562233549,0.5206293695263629
id26762,0.5212580932394373,0.23610615458046344,0.24263575218009725
id13685,0.8598709607538281,0.030357345408597847,0.10977169383757365
id16560,0.22417255357299476,0.6631047673746631,0.11272267905234423
id17184,0.04273942417438192,0.8935916098589868,0.06366896596662897
id21635,0.9543811079667299,0.02213551920704633,0.02348337282622614
id26751,0.33115452877529616,0.44439039938453867,0.2244550718401666
id12351,0.6637114089137713,0.09681124930122713,0.23947734178500485
id14872,0.5772899180065204,0.19974999679971486,0.2229600851937645
id18372,0.703837286699762,0.1939211314531289,0.10224158184710873
id26851,0.4842578121540213,0.26153563749675157,0.25420655034922773
id22659,0.6680300841935256,0.2881329698584458,0.04383694594802793
id04102,0.0912061556184078,0.020265465793671517,0.8885283785879199
id02353,0.19711931357578252,0.646336609879057,0.15654407654515887
id26721,0.812177274735937,0.11710040469893665,0.07072232056512523
id11171,0.5159485992988361,0.16657554898978852,0.3174758517113753
id13562,0.5059891006001518,0.316126803859097,0.1778840955407504
id26425,0.6498105605838447,0.10583597986817762,0.2443534595479789
id26394,0.450714540759382,0.1751441301665165,0.37414132907410164
id22187,0.3994138587825633,0.43437741845772354,0.1662087227597139
id00422,0.8496407745340804,0.03391255927847591,0.11644666618744588
id22667,0.0876988942607189,0.8884949073625291,0.023806198376755336
id00911,0.5343241364239901,0.3297609116817855,0.13591495189422612
id17291,0.41115015629529944,0.12364524315399235,0.46520460055070784
id01915,0.3403858928493922,0.15404310403572882,0.5055710031148802
id01434,0.1817056920294587,0.10079182762438459,0.7175024803461567
id01584,0.4333796336008611,0.1781229136704984,0.38849745272864117
id09266,0.5733036600260946,0.180933612361077,0.24576272761282536
id17494,0.07543149461202876,0.8816609413067962,0.042907564081176776
id24919,0.2139115048173148,0.32518601494690197,0.46090248023578406
id21043,0.32970854938864025,0.011900203782820537,0.6583912468285363
id17796,0.19273671937387457,0.7108246383322742,0.09643864229385189
id02166,0.3442957554332381,0.1097083472625822,0.54599589730418
id17503,0.7537836335747973,0.0646526045150492,0.1815637619101546
id21203,0.3248698713357283,0.23903668473554407,0.43609344392872756
id25626,0.9436301335505709,0.018372957830868203,0.037996908618558256
id09836,0.885293940976855,0.0715293107961489,0.04317674822699468
id24202,0.22154790981488273,0.22812604778957318,0.5503260423955442
id27260,0.44174160255775047,0.24233397277148697,0.3159244246707611
id23167,0.14270503981193544,0.04773424132206892,0.8095607188659955
id10393,0.1406392666375579,0.7596934755687538,0.09966725779368749
id01171,0.7276029809068177,0.1871721537503871,0.08522486534279558
id06380,0.7409071495405948,0.1114919000186998,0.1476009504407035
id22686,0.4503846222703438,0.06287153324644566,0.48674384448320895
id26250,0.3246924655844498,0.08203066559122156,0.5932768688243288
id09315,0.3642667606340771,0.38087956280653223,0.2548536765593922
id00886,0.33029363372786275,0.3902409211613556,0.27946544511078164
id03101,0.5460303328389604,0.20078691680975896,0.25318275035127896
id12367,0.4410063374125485,0.18292425333947035,0.37606940924797955
id10770,0.5115106337237644,0.11637092146606301,0.3721184448101725
id14949,0.22128717948211996,0.7148512265497495,0.06386159396812967
id14141,0.2213140547190742,0.6668554149576098,0.11183053032331614
id25417,0.5193674252185372,0.32360023446347025,0.15703234031799146
id26873,0.40352970181654363,0.18107535153310808,0.41539494665035176
id10818,0.33642925574444954,0.10983942471094268,0.5537313195446094
id15146,0.5153448300004588,0.09641681551235189,0.38823835448719063
id23328,0.6643771431287708,0.17489701024439158,0.16072584662683717
id16765,0.3846464167299287,0.39740565841216696,0.21794792485790593
id24383,0.7143753151686975,0.04931578371719464,0.23630890111410677
id21304,0.6373704932897939,0.14318428432854613,0.2194452223816599
id12551,0.2384345172718495,0.6429385499067024,0.11862693282144603
id23274,0.27803677281103806,0.2374411682538641,0.48452205893509703
id08117,0.5094228516701451,0.16441387216428466,0.326163276165569
id23961,0.7405784083417661,0.12286112847240276,0.13656046318582754
id13865,0.2411864032314716,0.6121311030450517,0.1466824937234767
id22807,0.347236405513754,0.15469749913240669,0.49806609535384017
id08951,0.2768834155877923,0.22327118169551577,0.49984540271669353
id18684,0.8547696821296885,0.08701387360765157,0.05821644426265947
id25179,0.27295544825661205,0.3505290179243251,0.3765155338190639
id27033,0.5957390911510895,0.12422241818325888,0.28003849066565484
id13977,0.27382096359782876,0.42820819822913425,0.2979708381730385
id19337,0.11588815982075404,0.547898265759291,0.3362135744199546
id25764,0.27465166741541824,0.5265983704238509,0.1987499621607287
id16106,0.2786162222377861,0.2402356676975226,0.48114811006468994
id05468,0.1367338386395918,0.06828252542749705,0.7949836359329104
id05241,0.7393074562651553,0.08529162821557786,0.17540091551926537
id10215,0.40441963304900963,0.32536794951717246,0.2702124174338169
id23457,0.1629031049838589,0.16135472429361689,0.6757421707225207
id02200,0.8279796034386404,0.10890558888377896,0.06311480767757506
id13714,0.3652744871003397,0.486845547278772,0.1478799656208888
id20332,0.05237586269853289,0.05379078511812783,0.8938333521833387
id18573,0.28802290461198093,0.20417367153395796,0.5078034238540611
id08569,0.7442961902128291,0.031860519242046095,0.22384329054511978
id22767,0.5164008503888675,0.285506572328655,0.198092577282478
id25390,0.2882722024212474,0.5037341729302567,0.2079936246484969
id09288,0.7795481755265641,0.09592086360064417,0.12453096087279342
id12381,0.8623524725120371,0.06090095552185681,0.07674657196610633
id02895,0.2097902539453449,0.21036909423475394,0.5798406518199022
