id,EAP,HPL,MWS
id02310,0.3025439403823651,0.08865996591382633,0.6087960937038096
id24541,0.8816060042708547,0.0740687055605039,0.044325290168641736
id00134,0.23212667748614407,0.7489572776958491,0.01891604481800388
id27757,0.317649916529416,0.6718524605166204,0.010497622953965354
id04081,0.848630803827585,0.1123276077088222,0.0390415884635917
id27337,0.5750210311584641,0.3838237098834184,0.0411552589581184
id24265,0.4655979508100252,0.3664651586618365,0.16793689052813948
id25917,0.10298251220211453,0.16353405192170758,0.733483435876179
id04951,0.965796597476902,0.032484707120729796,0.001718695402366768
id14549,0.658921130118302,0.14908033362884954,0.1919985362528471
id22505,0.1790095121896109,0.1260633260897052,0.6949271617206807
id24002,0.002398004509232997,0.996408172798633,0.0011938226921356175
id18982,0.4950371087067123,0.2195632755959749,0.2853996156973148
id15181,0.04748355229566461,0.9441612532640021,0.008355194440332274
id21888,0.5510778555177813,0.13450189045294195,0.3144202540292764
id12035,0.018736183470672085,0.007040604876342169,0.9742232116529858
id17991,0.1811787337479527,0.07872442227128645,0.7400968439807594
id10707,0.9906752181004123,0.002983876768469625,0.006340905131118589
id07101,0.12669293863764194,0.18212371710841724,0.6911833442539409
id00345,0.704439234123778,0.2415202176326182,0.05404054824360299
id05912,0.740158049954966,0.1550536139616682,0.10478833608336623
id13443,0.9424635189201457,0.019925749240420135,0.03761073183943376
id09248,0.10092720796147608,0.08694044340005637,0.8121323486384665
id17542,0.0321500697560986,0.9538834774284055,0.01396645281549435
id06995,0.16943412995873564,0.01999383772691566,0.8105720323143506
id25159,0.7113448968653123,0.09015667819802042,0.19849842493666578
id25729,0.6902313507427729,0.24400904639313659,0.06575960286409195
id26949,0.8490339166500036,0.08557484917201232,0.06539123417798377
id27191,0.40089353493645424,0.09814295062805288,0.5009635144354941
id07668,0.21336039268565113,0.018701379109342466,0.767938228205009
id02230,0.12588721123106267,0.3928152147903618,0.4812975739785748
id15553,0.9640906149459798,0.012971474005330406,0.022937911048689363
id25688,0.02245735099124953,0.9644139277346355,0.013128721274114042
id17545,0.9404933876045866,0.02238158636554447,0.03712502602986946
id13929,0.4934425914491216,0.3847124316374233,0.12184497691345564
id12880,0.3242015265836918,0.2670700757243932,0.4087283976919145
id19282,0.5030245986324047,0.17683783654573967,0.3201375648218552
id14690,0.048031114802121744,0.005007065995740993,0.946961819202138
id17975,0.12207922692499111,0.8314054600679626,0.04651531300704684
id08037,0.32584791666734786,0.03239691391806764,0.6417551694145852
id15412,0.058685567048608514,0.013841406883750833,0.9274730260676416
id25032,0.1797616517141068,0.1522490940122245,0.6679892542736684
id27165,0.9880852279844288,0.004109400766127543,0.007805371249444839
id03327,0.5156938314796521,0.39452935463180006,0.0897768138885473
id18515,0.700488828252533,0.07673611015482057,0.22277506159264723
id21003,0.22029116163538476,0.04291895066104012,0.7367898877035747
id23855,0.014775124260705324,0.8362668526728061,0.14895802306648812
id20724,0.4643587772945715,0.3060773314945843,0.2295638912108432
id13303,0.28288126851155887,0.11318717383763821,0.6039315576508031
id16521,0.010349001829137183,0.31905739036919484,0.6705936078016689
id20775,0.965665451652118,0.027258763346125963,0.007075785001754493
id13029,0.9749593429094622,0.013553128920575983,0.01148752816996266
id14660,0.6070017656903389,0.2997355973810419,0.09326263692861886
id11028,0.006789096190816798,0.0017757569032772174,0.991435146905906
id14180,0.8529176575011898,0.11810708188901224,0.028975260609797427
id25860,0.9907935928547297,0.007900943007960787,0.0013054641373102906
id11910,0.5649407426275339,0.020603507204440864,0.4144557501680254
id08065,0.29070015989422476,0.20042241110739256,0.5088774289983825
id22674,0.10927571101702137,0.020013029840611422,0.8707112591423639
id25018,0.21544565616553155,0.02799805252865195,0.7565562913058157
id10892,0.05669119082644669,0.915156083149059,0.028152726024497112
id10217,0.4201188520618228,0.543379366598404,0.03650178133977282
id12996,0.09637707114479567,0.4212237137226617,0.4823992151325424
id18262,0.4504748214602307,0.21259190853756477,0.3369332700022038
id08606,0.01176824519721229,0.978772088081645,0.009459666721144903
id17233,0.8198411114621924,0.04668632320521942,0.13347256533258806
id00101,0.6708565504473825,0.2256185818924128,0.10352486766020404
id12225,0.7469238051359863,0.22401524659583386,0.02906094826817914
id01364,0.0968351594712276,0.8743409513068774,0.02882388922189655
id24973,0.5541683687995406,0.12324829794869159,0.32258333325176924
id25363,0.7353559796738385,0.025719014636673705,0.2389250056894844
id10061,0.6690574655776133,0.058313642310920046,0.27262889211146374
id17673,0.19502321016407706,0.7588905092583713,0.04608628057755012
id13249,0.42763896682603714,0.061762294025082966,0.5105987391488803
id10107,0.05652292390293984,0.016969263981506832,0.9265078121155529
id04403,0.8762292732259245,0.033433140205505536,0.09033758656856795
id25728,0.7842036208723746,0.03369516858692742,0.1821012105406975
id16184,0.5038196830923524,0.09627845554323566,0.3999018613644119
id03438,0.009919990822921733,0.0007510714226172807,0.9893289377544613
id22923,0.26699795056182124,0.7233719154831977,0.009630133954982087
id08610,0.9551738952911768,0.015156758043214775,0.02966934666560661
id25355,0.14128995717830994,0.03197454566416243,0.8267354971575276
id16916,0.4685638178548402,0.4555248261876899,0.07591135595746878
id12793,0.271336299139393,0.6504960206047139,0.07816768025589454
id11859,0.7460939806961554,0.05434267079332038,0.19956334851052554
id02434,0.9943242610604088,0.0031748598628366614,0.002500879076755135
id27703,0.09990908247423179,0.012887040704642626,0.887203876821126
id25212,0.07746733563382842,0.8975373809208301,0.024995283445343686
id11308,0.05367021887095191,0.07988172506520438,0.8664480560638453
id26094,0.8644988970258707,0.09346238141153829,0.042038721562591023
id22080,0.7272720288229737,0.250568563820777,0.022159407356248665
id03545,0.9085384819358621,0.08590853814271225,0.005552979921426131
id23725,0.04060190157396042,0.07783525753677804,0.8815628408892616
id12009,0.7024254057193001,0.22745677254242885,0.07011782173827144
id24241,0.46823911401070983,0.1434105165228675,0.38835036946642226
id03596,0.04752612987009035,0.9275184607191276,0.024955409410782437
id10749,0.20440447354441751,0.6510792179478831,0.14451630850770117
id22794,0.026044266949782378,0.008455628173973868,0.9655001048762443
id15482,0.4416289524365699,0.10353193328329961,0.454839114280128
id04833,0.6737736290796499,0.2894299311877579,0.036796439732591994
id00397,0.07091615859767549,0.002557429551442943,0.926526411850879
id14691,0.21605658280662549,0.018354666604011242,0.765588750589365
id05193,0.12365033772492547,0.026847190980211617,0.849502471294864
id19541,0.6166029514039448,0.06172623407918199,0.3216708145168725
id22166,0.006346703824555741,0.013089282103269267,0.9805640140721732
id20744,0.14522401991610442,0.03489712240662989,0.8198788576772666
id10392,0.049256342193439925,0.006284587922750388,0.9444590698838068
id00770,0.8111079106994191,0.13848426370512001,0.050407825595460434
id06018,0.1569493296319954,0.7794337884996702,0.0636168818683346
id15678,0.2362907565327198,0.01957702658105441,0.744132216886225
id08305,0.9109368352500745,0.0633670159257242,0.025696148824201535
id08903,0.36740643281955715,0.1690762943522125,0.46351727282822985
id14752,0.5044716560709622,0.45499390121730027,0.040534442711738256
id12468,0.07125024419301314,0.9075325935860993,0.021217162220888697
id05085,0.3794403728199647,0.5465494771111042,0.07401015006893143
id21993,0.20912180955142803,0.022046351416819054,0.7688318390317513
id15503,0.7468272262087314,0.22578700361964033,0.027385770171627993
id03021,0.0013450887133122035,0.9975838299706058,0.0010710813160837687
id16123,0.9909527587984539,0.005086601343792015,0.003960639857752537
id19383,0.9768580116145636,0.017851553769804747,0.005290434615629377
id04186,0.9962674685144958,0.000923789952997689,0.0028087415325050544
id17954,0.03643501325193389,0.0037897872070100755,0.9597751995410538
id12030,0.3502384413329638,0.021738720136951856,0.6280228385300852
id13020,0.5202359201211756,0.4463741488516885,0.03338993102713611
id25327,0.031426327600948524,0.4967648047969661,0.4718088676020824
id16344,0.2663396208513184,0.12603352852842134,0.6076268506202614
id12303,0.29554481605001826,0.5524584797820392,0.15199670416794422
id15017,0.9425747884036672,0.029567603427258605,0.027857608169077456
id22308,0.6695114884780176,0.1674968826635294,0.16299162885845306
id06536,0.011482541068067108,0.040449300498373836,0.9480681584335615
id19797,0.10951128654954607,0.5468042709495065,0.34368444250094626
id06332,0.45927904970387756,0.3284088989084814,0.21231205138763937
id22941,0.24039014535522707,0.1483026592506518,0.6113071953941205
id13547,0.08678909898426412,0.08346949993565006,0.8297414010800859
id06928,0.06560159493059756,0.004554187492085685,0.9298442175773158
id12521,0.6216884596019258,0.30046555611656633,0.07784598428150909
id25716,0.8826970900147968,0.03627000285059276,0.0810329071346107
id27116,0.0018189820263210764,0.0004633203916318516,0.9977176975820471
id19941,0.029300250448946047,0.890339370289463,0.08036037926159091
id05711,0.003687194750341592,0.011473142937747559,0.9848396623119101
id02097,0.005387891336153448,0.07013769156840671,0.9244744170954413
id03563,0.06848801635389022,0.9219099202692559,0.009602063376855404
id02295,0.319621623424587,0.6017541695401049,0.07862420703530852
id08179,0.9965678542874935,0.002070595503561142,0.0013615502089394983
id05332,0.015792153848537084,0.9420182308609181,0.04218961529054547
id15697,0.6654107951749786,0.08921930520268596,0.24536989962233716
id17026,0.10384656664518824,0.03933200283980298,0.8568214305150103
id04243,0.8375208119842017,0.1304939659107551,0.031985222105042975
id13175,0.9995821379097033,0.00030365697959591867,0.00011420511069854057
id05387,0.8575519222877334,0.05053025293896868,0.0919178247732963
id19989,0.8419165288633208,0.07638244106564768,0.08170103007102957
id25173,0.15949959487683335,0.03847697835459171,0.8020234267685741
id08925,0.029266055102312723,0.9649054092359712,0.005828535661717298
id03034,0.03355430271187648,0.7262832690772881,0.24016242821083716
id13272,0.05670609638203796,0.9024419798681189,0.04085192374984377
id07956,0.8888044392688556,0.0332972455863055,0.07789831514483957
id02648,0.04348915095629241,0.013654068771440183,0.9428567802722659
id01778,0.2550362950441744,0.008752231411152382,0.7362114735446741
id12846,0.0060180969792477685,0.0010579065304501464,0.9929239964903033
id19001,0.22760274164453542,0.06281259033745708,0.7095846680180066
id05763,0.7678745643953637,0.07645685661287323,0.15566857899176412
id15590,0.023067926416771096,0.004084081947347371,0.9728479916358825
id04912,0.5797785315956658,0.18391426297452898,0.23630720542980402
id21201,0.7478256154942933,0.15918105023913928,0.09299333426656889
id13215,0.9559870924137557,0.015845019072297992,0.028167888513945402
id15612,0.06774766037447984,0.8986682803636753,0.03358405926184629
id18501,0.08660039166703845,0.05016366233476974,0.8632359459981919
id07223,0.4052645402888246,0.5314977017389538,0.06323775797222221
id06707,0.45586679391301255,0.38493264737474797,0.15920055871223904
id05238,0.011203507051632616,0.9780027898466145,0.0107937031017512
id00935,0.061508657251692356,0.10843238234344511,0.8300589604048652
id00110,0.6917028851236712,0.05013881537747223,0.25815829949885544
id17476,0.924340273837347,0.05141418946299311,0.024245536699660127
id15170,0.9655619347797997,0.025793077076257383,0.008644988143940468
id13397,0.5120767655685292,0.11941707249912231,0.3685061619323455
id24283,0.39673015308966747,0.1681249129229518,0.43514493398737997
id15234,0.87054562609505,0.11899181184715275,0.01046256205779755
id16884,0.6198920542012423,0.2319162926909787,0.14819165310777677
id07831,0.16349241224335773,0.7003563737860752,0.13615121397056631
id16038,0.796812093283612,0.17174390215325516,0.031444004563132365
id03629,0.7000312516854793,0.10377179787390158,0.19619695044061844
id21019,0.679396075883908,0.25825511419431324,0.062348809921778714
id21835,0.38580947643033786,0.23266495854287042,0.38152556502679086
id04480,0.16492602134785958,0.8299684206830171,0.0051055579691248396
id20838,0.6431740571794954,0.24577595757428952,0.11104998524621612
id24195,0.5600564275359349,0.2139182412496867,0.2260253312143801
id05448,0.8032327815128453,0.1250932038122124,0.07167401467493995
id15957,0.1485941750789063,0.8250633406453067,0.02634248427578808
id19956,0.046563104385026186,0.003859660602900295,0.9495772350120744
id15104,0.12244416962436737,0.18198390548322443,0.6955719248924067
id17559,0.3280099102886722,0.5139244438096063,0.15806564590172245
id16839,0.2265266201759938,0.42416753502915366,0.3493058447948541
id14493,0.6392777504869774,0.11159822574468954,0.24912402376833417
id08833,0.654916550895429,0.04271039206949174,0.30237305703507655
id15723,0.2362178443377654,0.25221089542513486,0.5115712602370996
id02716,0.8010741634584458,0.14787526477826288,0.05105057176328956
id06689,0.1322080937292035,0.7835954555875891,0.08419645068320782
id18837,0.3625680595667985,0.2591988998483958,0.3782330405848063
id04466,0.9047452949763448,0.04961071279198995,0.04564399223166472
id00686,0.7787536496690334,0.03470452624979205,0.18654182408117204
id09010,0.22527442208214285,0.7549795662989582,0.019746011618900296
id23353,0.7968130153581713,0.07929274735253777,0.12389423728929037
id00066,0.6474672916690519,0.21304664818986413,0.13948606014108417
id15724,0.08509665408587012,0.8419149996363866,0.0729883462777436
id23486,0.2737987950272444,0.051328167544011004,0.6748730374287455
id22258,0.17975938629452098,0.06538573447999262,0.7548548792254878
id02292,0.7154663576417998,0.139205970336733,0.14532767202146743
id16356,0.37232225911473427,0.007315689755993436,0.6203620511292715
id00235,0.8893845767766806,0.022202637233855214,0.08841278598946575
id25522,0.32568238673484734,0.018295996964493404,0.6560216163006587
id04204,0.31518542794095045,0.6087811395712154,0.0760334324878356
id22016,0.7240187652000151,0.08883504968737199,0.18714618511261263
id06480,0.24710925267731307,0.6109575775498267,0.14193316977286108
id08718,0.12515024603488212,0.07610953050504651,0.7987402234600725
id05251,0.050455470427774936,0.8965652430972423,0.052979286474979605
id03359,0.8734091000882661,0.10805350928439053,0.018537390627344972
id16117,0.06298508056078851,0.006167264520344039,0.930847654918866
id17000,0.0668790698911962,0.9241267025667677,0.008994227542035917
id01730,0.0775938431656609,0.899559212143469,0.022846944690873512
id00630,0.7673598278975118,0.18495940371812436,0.04768076838436322
id18175,0.09466349996063868,0.011185574483143515,0.8941509255562182
id00907,0.873021372270934,0.06073229571263365,0.06624633201643362
id18251,0.12174128424189595,0.8381184129474496,0.04014030281065401
id25861,0.7156410874935268,0.0301524826651765,0.25420642984129743
id00398,0.5573184372242079,0.16693902881309997,0.2757425339626934
id27573,0.9789755734368908,0.005345569808493443,0.015678856754613103
id10022,0.0841362266070402,0.7766213577469426,0.13924241564601908
id15901,0.09619028726293227,0.010980071307690414,0.8928296414293786
id00451,0.150288538410896,0.0250147389617556,0.8246967226273477
id23129,0.07939353360427398,0.8828505594753149,0.037755906920409484
id26498,0.3476609629019967,0.5804834920562635,0.07185554504174317
id14741,0.37818080868128734,0.27201411155071953,0.3498050797679917
id18453,0.310678088174928,0.07793835959206691,0.6113835522330038
id08309,0.8356450058032574,0.09402829793636769,0.07032669626037491
id00320,0.9994119444581294,0.00012005300507249739,0.00046800253680236923
id07688,0.3582966823532028,0.08845966146100526,0.5532436561857911
id01556,0.045406021978557864,0.0025488307044783517,0.9520451473169634
id00178,0.4257105226185705,0.03175262020860865,0.5425368571728185
id18902,0.1635464301049036,0.14263375055121472,0.6938198193438828
id27002,0.5350127310808535,0.3348136193718588,0.13017364954728722
id21418,0.9954095301063638,0.004046620420841729,0.0005438494727952612
id23018,0.4189704321349605,0.08949446466344928,0.4915351032015894
id07032,0.4551598247484794,0.37491172580739124,0.16992844944412908
id16195,0.2285804541749719,0.038105080233674794,0.7333144655913545
id11202,0.156168100270045,0.7614247604120224,0.08240713931793296
id09578,0.4462531123264838,0.1357679866861342,0.4179789009873826
id26984,0.6738841125279484,0.03543407110074273,0.2906818163713088
id19856,0.10798670466308313,0.8547811882382575,0.03723210709865965
id12086,0.40042948905243475,0.07315733739114655,0.5264131735564176
id12052,0.1280464627886161,0.08605541673041661,0.7858981204809665
id17728,0.08921895638118732,0.034482198061959755,0.8762988455568513
id24608,0.7880933517802597,0.04658935269307346,0.1653172955266684
id21097,0.2661023215753308,0.04358190831595708,0.6903157701087127
id20179,0.005482653655489577,0.000648001133089423,0.9938693452114226
id15144,0.3945876376579736,0.4535688010063156,0.15184356133571136
id00206,0.8767894414103673,0.05579321790931053,0.06741734068032228
id22285,0.11091762189854656,0.018920311860316476,0.8701620662411356
id06417,0.08506963544653065,0.5043990547838805,0.41053130976958935
id00215,0.04424514787289539,0.9481287836567758,0.007626068470329135
id04201,0.43241789998805485,0.06515036167394522,0.5024317383380014
id21771,0.9729500419750764,0.014321283102307665,0.012728674922616371
id12451,0.06599226062736888,0.5113811650231386,0.42262657434949213
id14250,0.02430098341364375,0.9048324693440963,0.07086654724225928
id03433,0.05065431293763399,0.9198749004398936,0.029470786622473658
id03303,0.21211144937869195,0.01986308633867557,0.7680254642826326
id25901,0.16639881629650152,0.6708529984492089,0.1627481852542898
id06945,0.8152131206742321,0.05009175610362722,0.13469512322214075
id05664,0.32628473886576415,0.4705496717094836,0.203165589424752
id05741,0.9527432006872346,0.00889427549361433,0.03836252381914873
id10652,0.3846645443923137,0.35778877294926076,0.2575466826584264
id16300,0.9208326754765073,0.03618796613746005,0.04297935838603524
id12319,0.5050656709696636,0.08776942323164297,0.4071649057986953
id07500,0.14944720170951203,0.8465875011500126,0.00396529714047794
id12478,0.23453793471303344,0.39395372200782897,0.37150834327913757
id03076,0.13184196549215652,0.011251804190153387,0.856906230317691
id00969,0.32200167073604424,0.5611184204836399,0.11687990878031579
id23636,0.11840170487906666,0.8280769262872755,0.05352136883365636
id09791,0.11842812849090495,0.05848915942596819,0.8230827120831283
id05680,0.18188254130278997,0.2653798083064664,0.5527376503907413
id03672,0.2467226426427976,0.5325683643062286,0.22070899305097408
id04286,0.1220725564456658,0.74033848472988,0.13758895882445407
id23883,0.028835517519271162,0.4328957908028336,0.5382686916778927
id11914,0.5481387814782751,0.07939021558566188,0.3724710029360634
id20974,0.05867193681701489,0.9014501855789321,0.039877877604051114
id26125,0.013378440600860476,0.013124853336107365,0.9734967060630333
id15543,0.41321542816914625,0.04078769817675045,0.5459968736541031
id19471,0.997971082465234,0.0008589473656393103,0.0011699701691280143
id11503,0.673910987510391,0.21308014808718417,0.11300886440242384
id09321,0.07457594739221561,0.6932549100947288,0.2321691425130573
id25560,0.003223839827554302,0.00257699571006434,0.9941991644623809
id06726,0.486244191249679,0.2089856043411744,0.3047702044091452
id05709,0.9006148068865187,0.009945234408037879,0.0894399587054446
id09788,0.20839495018791937,0.4905603381932218,0.30104471161885926
id05289,0.9874557145553562,0.009592975377648605,0.0029513100669981657
id11815,0.07955838668190598,0.8761065302694931,0.044335083048602335
id22422,0.5567678857322789,0.20261947784334297,0.2406126364243787
id25954,0.8415217591122188,0.019898118766810795,0.1385801221209689
id13601,0.3680810415257218,0.5179812952975579,0.11393766317672067
id05677,0.7371625447238453,0.02104717399476712,0.241790281281387
id10498,0.04925970493458953,0.9433081101153817,0.0074321849500305105
id02665,0.24321494568870078,0.6240535161794479,0.13273153813184946
id10114,0.1632497556989216,0.6566526811602208,0.18009756314085706
id26314,0.5185714930522559,0.29794845830234734,0.18348004864539605
id21240,0.37564266339120694,0.2674782848662402,0.35687905174255186
id15569,0.6865588131568645,0.18456075882292103,0.1288804280202159
id25928,0.1601778466913092,0.10081938731896554,0.7390027659897253
id22706,0.2173886507740097,0.7768344447942555,0.005776904431735273
id20877,0.02077559938781148,0.8942108016751416,0.08501359893704385
id04318,0.7842750012123301,0.06894561177735245,0.14677938701031773
id18299,0.08588311591165233,0.8546061186264187,0.05951076546192739
id08126,0.21729370953798804,0.004555154934941287,0.7781511355270737
id14293,0.4818337735616903,0.026594071435377873,0.49157215500293117
id12759,0.9771310484900348,0.01855933903493827,0.004309612475025395
id11983,0.75163372556656,0.06830769416752559,0.18005858026591431
id05580,0.21078754078596237,0.6010674352572843,0.18814502395675586
id25846,0.5378967496375073,0.19463741343232255,0.2674658369301687
id01939,0.2070847250509508,0.11747924736612606,0.6754360275829235
id26327,0.1935065297106181,0.38430386185858084,0.4221896084308007
id11068,0.06993633800718717,0.05213296743194259,0.8779306945608714
id08404,0.8499299218547369,0.014998214945699848,0.13507186319956663
id27189,0.4000858231192187,0.5695541132242932,0.030360063656486497
id15119,0.06695600255822572,0.8568294297678959,0.07621456767387634
id26525,0.9583550641545919,0.010792387089904138,0.03085254875550335
id03618,0.7744953310680204,0.16579369296414034,0.059710975967839516
id27220,0.9960099933391967,0.0028418808384813527,0.001148125822319235
id18777,0.10203004468170615,0.03061268397360058,0.8673572713446931
id20213,0.8644400133849348,0.0762408154041421,0.05931917121092181
id20403,0.8426813173434365,0.12848801957789005,0.028830663078673505
id03777,0.20657073324143055,0.04504901320463198,0.7483802535539389
id10595,0.09794697948690151,0.857405293536376,0.04464772697672492
id13816,0.4034769366932003,0.006696587767500726,0.5898264755392999
id05667,0.0499668355675443,0.10590903144989476,0.8441241329825614
id24629,0.48499572275932024,0.1062620045815679,0.4087422726591101
id20398,0.3133921854346392,0.16259262972714647,0.5240151848382136
id14108,0.017266044272658303,0.010937704251193314,0.9717962514761496
id06196,0.019051905624411895,0.9706110066126371,0.010337087762950854
id02800,0.7127454450096945,0.19725077074155886,0.09000378424874746
id18732,0.043119097792639664,0.9167170927976205,0.04016380940974045
id11915,0.19798216934225085,0.6765303025626813,0.12548752809506883
id09739,0.7493636033782002,0.059066197173472806,0.1915701994483289
id24672,0.9278580516271523,0.05439844171930268,0.017743506653545817
id00414,0.03553809755003305,0.053097382303447446,0.9113645201465228
id16307,0.8228466107244349,0.045135748991706644,0.1320176402838586
id14043,0.12159344986153911,0.0845334276422437,0.7938731224962171
id00517,0.0008692913220179738,0.0008152659627858159,0.9983154427151992
id09744,0.9875128493344641,0.010712489396324265,0.0017746612692112885
id19257,0.8850582792051525,0.04132974208544918,0.07361197870939847
id15437,0.5054222626492337,0.4052808731152462,0.08929686423551943
id16352,0.3055425277306936,0.09353208646219685,0.6009253858071084
id18849,0.48677358281357624,0.16510169563325464,0.3481247215531686
id19434,0.0017956807409650437,0.9966716559889562,0.0015326632700775867
id17928,0.15384241405222937,0.08819926827725486,0.7579583176705184
id16896,0.10833658329198129,0.0065370388230511075,0.8851263778849671
id02135,0.2654052447431418,0.3641246063411343,0.37047014891572455
id15075,0.8317382843864755,0.07468770395811741,0.09357401165540763
id27486,0.012332786604821268,0.9814576221012375,0.006209591293938455
id19422,0.6850721965422237,0.18389760377801714,0.13103019967975857
id09603,0.30422523215536135,0.642064983395764,0.05370978444887567
id02133,0.09684079327996652,0.7972754701729902,0.10588373654704325
id03441,0.342160510879391,0.14155149847703896,0.5162879906435709
id02398,0.008682389567838041,0.9890047180225899,0.002312892409572162
id05152,0.3343737750725705,0.0353321609139811,0.6302940640134495
id17838,0.3278648672070942,0.06820653425981041,0.6039285985330939
id25060,0.9683618766100824,0.025210912343433315,0.006427211046484867
id09998,0.06695889541279616,0.0700568760251243,0.8629842285620796
id01828,0.07441294950764349,0.8683867780281964,0.05720027246416018
id25377,0.14924045492709767,0.038071754446828636,0.812687790626072
id22175,0.11268600565386247,0.821289727789846,0.06602426655629157
id02974,0.04734455338816509,0.021459557064798653,0.931195889547038
id26955,0.9865134576959925,0.008333905557365285,0.005152636746643563
id21091,0.9468510293054487,0.027593617690003215,0.025555353004548056
id12802,0.8878691290248563,0.07772415783938331,0.034406713135759166
id07432,0.0077575417848227265,0.9881871880854323,0.004055270129745608
id18749,0.37783430905435955,0.2076732542278127,0.4144924367178264
id15030,0.0478753537838277,0.09078304285384162,0.8613416033623289
id17155,0.07112941156623598,0.8245029400743225,0.10436764835944037
id08128,0.03141182377340013,0.7465855406475149,0.22200263557908456
id25706,0.016513666155572357,0.8783338460280367,0.10515248781639146
id15645,0.6813553832196275,0.2459793514204887,0.07266526535988543
id04943,0.868492099883572,0.04945289771335214,0.08205500240307426
id27566,0.10463167893814207,0.05693764089993241,0.8384306801619251
id11765,0.4282077551001902,0.21655979434595407,0.35523245055385433
id13783,0.37728322261348585,0.43069010077438163,0.19202667661213413
id00492,0.02627202359662903,0.06569344994588454,0.9080345264574874
id27636,0.14685123523639187,0.045286999764807906,0.8078617649988
id04273,0.8129354186055996,0.1033240685738701,0.08374051282053344
id02537,0.26478040066832514,0.297781210825973,0.4374383885057013
id24349,0.7333487019316913,0.2310798769922916,0.035571421076015276
id00023,0.022574051636879373,0.9070682586598178,0.07035768970330526
id23025,0.23977295566065082,0.7359052498937366,0.024321794445613526
id08722,0.66830798837149,0.13414506854797695,0.19754694308053242
id02420,0.9732167952140526,0.024098169027405678,0.0026850357585428393
id10811,0.915357443581313,0.040410291902800495,0.04423226451588487
id04019,0.03204228123004109,0.020435818778584167,0.9475218999913717
id18334,0.9499774111139652,0.04045844319953949,0.009564145686494425
id16781,0.4120822130344672,0.5718725167405393,0.016045270224993333
id08773,0.5034529221955625,0.4866137694023057,0.009933308402132794
id19214,0.5956711256416126,0.2676064174881567,0.13672245687023168
id09589,0.0023593085659197608,0.9801999942709136,0.017440697163167578
id24246,0.5570747387824124,0.0812964031469784,0.3616288580706078
id23577,0.321055667464994,0.6650853420427287,0.013858990492277403
id09305,0.4017879025799652,0.041829518683629344,0.5563825787364041
id16460,0.26743993181458847,0.04887318201145313,0.6836868861739581
id21115,0.49506032244053055,0.15593435866116304,0.3490053188983064
id25996,0.41672500762713527,0.20013703401496083,0.3831379583579037
id02551,0.027701712881951845,0.02290844548850293,0.9493898416295463
id19352,0.05283300116628512,0.0016173831566516318,0.9455496156770617
id03806,0.25411003398003507,0.0814449438963617,0.6644450221236047
id26544,0.8462292306411247,0.0533054511454017,0.10046531821347272
id18761,0.8476094229937119,0.047610560079376425,0.10478001692690958
id24148,0.3162030280721511,0.670559713608334,0.01323725831951741
id16095,0.05927609931753417,0.877645132678219,0.06307876800424851
id18442,0.8428201565385127,0.06709313295270428,0.0900867105087812
id22596,0.003551729925576534,0.0004276679108568381,0.9960206021635675
id23002,0.017696934794233406,0.025753486925804262,0.9565495782799611
id04797,0.9706824368285427,0.012451154290480378,0.016866408880976527
id06610,0.26772454690562736,0.021391084233397067,0.7108843688609747
id16173,0.28146890384126105,0.6049994042303848,0.11353169192835397
id18292,0.24792707288743474,0.029549591600748538,0.7225233355118186
id27328,0.8536320201154268,0.020760996349115976,0.1256069835354554
id01695,0.06172850001806509,0.9177486192568578,0.020522880725076527
id05761,0.6277375797226934,0.0055172401619227,0.3667451801153839
id16354,0.9165042769791565,0.03187154245147149,0.05162418056937237
id12207,0.07283658780366113,0.7112175011206991,0.2159459110756382
id05665,0.17461594249367388,0.012397975992477384,0.8129860815138455
id01911,0.8430666719316791,0.13466857907180088,0.02226474899651836
id19153,0.07731675961929818,0.03515761517707179,0.8875256252036301
id10295,0.6666946010669654,0.24022186479455668,0.09308353413847613
id23038,0.4805421504989225,0.400314972496818,0.11914287700425803
id23783,0.7319713297987067,0.2550100003505485,0.0130186698507458
id27879,0.7832746159068938,0.164920008448931,0.05180537564417341
id19190,0.07421525547284355,0.9240438273811715,0.001740917145986334
id05065,0.9372287440350843,0.041642287551036376,0.021128968413879467
id21296,0.13355049708183572,0.4695087005200945,0.39694080239807095
id13262,0.19048826597494709,0.27539648649895665,0.5341152475260953
id10333,0.8449843632835456,0.04442994097583916,0.11058569574061401
id16677,0.17330386883390642,0.2919009058347217,0.5347952253313751
id01392,0.5252578928964655,0.034546902449263416,0.4401952046542726
id27874,0.3152221912332717,0.31037859932883394,0.37439920943789434
id02294,0.003191176229609585,0.9873201426285243,0.009488681141864541
id18298,0.02282732084169066,0.05107518810382117,0.9260974910544889
id06997,0.8772748442482452,0.020221364728466633,0.10250379102328948
id05243,0.14869390091928908,0.1764964256292135,0.6748096734514966
id00860,0.10963787623028576,0.7186424554826238,0.17171966828709004
id26681,0.9935771542172038,0.005287872082248176,0.0011349737005490062
id06020,0.02091680447986689,0.00017513925534543812,0.9789080562647906
id27683,0.4948124678301891,0.20473494592393915,0.3004525862458727
id17655,0.05999142890601082,0.9374898809290206,0.0025186901649663055
id08817,0.07221668408899927,0.07627502140198306,0.8515082945090185
id11512,0.01286160488727517,0.03143313687494235,0.955705258237782
id00478,0.15618518104676404,0.034483102954597646,0.8093317159986386
id02116,0.8515094727308998,0.04255292868103681,0.1059375985880633
id06746,0.9480249461224453,0.0362762416732084,0.01569881220434556
id03863,0.37722044073150585,0.5739312183762947,0.04884834089219897
id01802,0.07881042933640844,0.8609405648353301,0.060249005828261745
id11682,0.83500673436103,0.013022601554750868,0.1519706640842195
id04033,0.053641669353419824,0.871830095955803,0.07452823469077731
id09286,0.0884461611238311,0.6595422901065742,0.2520115487695937
id12904,0.9932163751355482,0.006400387793630311,0.00038323707082339953
id07420,0.03946457945982188,0.013962794968697411,0.9465726255714836
id22398,0.0027910157733153857,0.9896119467648393,0.007597037461846682
id00424,0.131578195814398,0.06836023906290324,0.8000615651226992
id20960,0.8502447384292838,0.10244151396943454,0.04731374760128037
id10267,0.44079172536739175,0.29181216822316686,0.2673961064094407
id19330,0.3251010772029404,0.008683167687197652,0.6662157551098605
id00994,0.03584276390690134,0.9408345461334513,0.02332268995964905
id10785,0.6217295846559521,0.10956845992394708,0.26870195542010217
id00955,0.022908033475636125,0.9524537609537975,0.024638205570566698
id09757,0.06007755126860603,0.93238936786391,0.007533080867482659
id10030,0.18217824581953868,0.07603252320214794,0.7417892309783147
id22952,0.13879866909096852,0.45398579491559077,0.407215535993439
id21955,0.007412605284852049,0.011858614863410994,0.9807287798517377
id07674,0.793052143998501,0.018548940717894192,0.18839891528360433
id13760,0.04101694503061115,0.9482117311076934,0.010771323861695964
id18166,0.8120641988793136,0.039642557622715305,0.148293243497973
id23498,0.9535440879345188,0.04250077632066335,0.003955135744818413
id05296,0.9621026234598937,0.007809373015765576,0.03008800352433972
id26709,0.689138800571848,0.14700888046935426,0.16385231895879804
id02853,0.8738506374889425,0.09211511469946075,0.034034247811595156
id06800,0.225937715686111,0.16713803214212591,0.6069242521717616
id14758,0.4101651034409105,0.2518896588618915,0.33794523769719564
id12356,0.9196894983548304,0.05240152472964571,0.027908976915524634
id21492,0.5586298406916991,0.3561652126435036,0.08520494666479882
id27540,0.5125739883628855,0.007329059146665642,0.4800969524904498
id07376,0.1909924694427794,0.544623978275834,0.26438355228138516
id15201,0.676765367886088,0.2716180827873973,0.05161654932651364
id23388,0.0621431363977924,0.8726884956131328,0.06516836798907745
id13923,0.108073338603833,0.8427159624591338,0.04921069893703439
id00794,0.05397770666604739,0.9344900041244314,0.011532289209520817
id23910,0.24774466995262256,0.17414747010222664,0.5781078599451528
id02556,0.06378450313557457,0.13036460217666812,0.8058508946877576
id22151,0.010567378276550228,0.9802473250008902,0.009185296722556099
id11698,0.028016554848109904,0.911090400299874,0.06089304485201615
id11627,0.633639192819881,0.09092270408024745,0.2754381030998719
id06340,0.9992113160835275,0.0003652885620369094,0.00042339535443309303
id05123,0.7813342800385835,0.11482808353374958,0.10383763642766643
id26620,0.05329518331845,0.01452847181562588,0.9321763448659242
id04002,0.031730550249207186,0.3609192302070952,0.6073502195436982
id26554,0.6789362846339064,0.11507440157496605,0.20598931379112642
id18012,0.24517938438780287,0.2213326950649755,0.5334879205472185
id12964,0.11553085257608176,0.10047421494512274,0.7839949324787951
id18965,0.16596005975654965,0.4910524346383293,0.34298750560512403
id19082,0.16182956331820317,0.07438815433279411,0.7637822823490026
id26742,0.0744896630748369,0.00863685003933445,0.9168734868858278
id15442,0.022268530237359654,0.9644670256393447,0.013264444123294443
id16647,0.283017351715133,0.24000176310825613,0.476980885176612
id11544,0.3422428121662372,0.09682605276157173,0.5609311350721928
id20581,0.5170712120363076,0.05228402370310941,0.43064476426058185
id13192,0.22852122018729895,0.49502963748360695,0.27644914232909523
id15814,0.3747379772001494,0.07936284682398048,0.5458991759758687
id26279,0.18738792548984143,0.784226593472961,0.028385481037199903
id00240,0.9250264937325878,0.03736350400509047,0.037610002262321064
id22836,0.974989563401856,0.01780038587950686,0.007210050718634178
id15085,0.03845475028351641,0.6038639997540638,0.35768124996241807
id17495,0.32369612743124165,0.005930251869009178,0.6703736206997483
id26762,0.5699610557734301,0.23315610211304968,0.19688284211352172
id13685,0.9899064058811382,0.0016219507968686135,0.008471643321995447
id16560,0.07995804344039087,0.8752877769454133,0.04475417961419661
id17184,0.0018881948892379844,0.9932525846326324,0.004859220478128301
id21635,0.9915809960320523,0.004111119853080946,0.004307884114864335
id26751,0.2754295627642728,0.518129257723881,0.20644117951184457
id12351,0.8593969926935312,0.041301936924358004,0.09930107038210947
id14872,0.5817628674313186,0.19299718388890974,0.2252399486797718
id18372,0.8854380152044906,0.09936200099405025,0.015199983801462348
id26851,0.3921475587604238,0.31499460752682024,0.2928578337127561
id22659,0.6826431775819737,0.30725784893845515,0.010098973479571572
id04102,0.01594807355314854,0.0021259321423986754,0.9819259943044526
id02353,0.12316753635907902,0.7436412759917279,0.13319118764919397
id26721,0.9596189994583623,0.03106492284011206,0.009316077701522566
id11171,0.7020974435759,0.17490040936690596,0.12300214705719348
id13562,0.7820383270093968,0.14245147548152548,0.07551019750907761
id26425,0.6504742321327395,0.06932914479327976,0.2801966230739814
id26394,0.49552614445260296,0.15322276821828976,0.35125108732910687
id22187,0.3793229933704912,0.47756413218047256,0.14311287444903645
id00422,0.9632550918311306,0.0035697124413833006,0.03317519572748872
id22667,0.005964446917620717,0.9935176999412132,0.0005178531411639917
id00911,0.7758439066718583,0.17457659779611465,0.04957949553202874
id17291,0.2587374497331041,0.07435751047066,0.6669050397962344
id01915,0.30146809245692946,0.04347759248071926,0.655054315062349
id01434,0.044494925718898834,0.027443069053212105,0.9280620052278884
id01584,0.7240465460356897,0.06790887241017443,0.2080445815541365
id09266,0.8965400335312521,0.03033600703557743,0.07312395943317063
id17494,0.008342460919330422,0.9868458328528525,0.004811706227816188
id24919,0.12030946218909491,0.3240385533096795,0.5556519845012244
id21043,0.1383948458197215,0.0014902958064121616,0.8601148583738657
id17796,0.046412978948354756,0.9393828916717861,0.014204129379860896
id02166,0.40226261326176144,0.05072923240627608,0.5470081543319651
id17503,0.9329419011304215,0.005822208588534502,0.06123589028104149
id21203,0.12799476036198398,0.10516125062959392,0.7668439890084217
id25626,0.9926447566853838,0.001518825440060352,0.005836417874556655
id09836,0.9882382085251636,0.008708142928217052,0.0030536485466199463
id24202,0.09033200739300103,0.16848744351065015,0.7411805490963481
id27260,0.5088361029593078,0.30717999335063456,0.18398390369005757
id23167,0.049593209011718736,0.006239358222473216,0.9441674327658082
id10393,0.045707226491512,0.9200107131552663,0.034282060353223565
id01171,0.9119790061023729,0.07840994116236989,0.009611052735260632
id06380,0.9213575746255621,0.028262524377232635,0.05037990099720779
id22686,0.4599101845887577,0.021789294793817825,0.5183005206174236
id26250,0.2656738367306129,0.0432218833211985,0.6911042799481896
id09315,0.3743500852955787,0.47733173273011315,0.14831818197430877
id00886,0.11500466524255673,0.7324637985031222,0.15253153625432211
id03101,0.6028608210110247,0.13249480543907,0.2646443735499042
id12367,0.4483938007594489,0.12239819787416051,0.42920800136638987
id10770,0.47508991136585743,0.06977919575117286,0.4551308928829692
id14949,0.02214577852227436,0.9716613580428171,0.00619286343490696
id14141,0.09544350943994939,0.8705928576460413,0.033963632914012346
id25417,0.4914394597055321,0.42293491328854915,0.08562562700591879
id26873,0.40921352073562695,0.06937788665819604,0.5214085926061739
id10818,0.31822007250294465,0.03976880530568935,0.6420111221913654
id15146,0.6432679404040987,0.0418120499184475,0.31492000967745315
id23328,0.8140643902987519,0.0891594618901864,0.09677614781106171
id16765,0.3798539417189675,0.4057533528957418,0.21439270538529068
id24383,0.8351017307902582,0.013619952750319882,0.1512783164594227
id21304,0.7696141655180215,0.059205601306843866,0.1711802331751337
id12551,0.06678503014950993,0.919196833601189,0.014018136249299592
id23274,0.10455258257493154,0.11990227052612437,0.7755451468989473
id08117,0.48924732901911205,0.09539322304511838,0.41535944793577034
id23961,0.9056540641181173,0.04894663122618043,0.04539930465569943
id13865,0.042488676474264,0.9188949730330743,0.03861635049266247
id22807,0.27408572662641206,0.07346193151092427,0.6524523418626654
id08951,0.16495094898922255,0.2107792292732171,0.6242698217375607
id18684,0.9732437127059724,0.019965645691254107,0.006790641602774108
id25179,0.15536100991594085,0.36603096631865273,0.47860802376540523
id27033,0.5568390012471505,0.030154438856933728,0.41300655989591706
id13977,0.22223431655431508,0.6277098502337708,0.15005583321191546
id19337,0.018155234084086664,0.8437011120674957,0.1381436538484174
id25764,0.1704024743739105,0.5650271152964299,0.2645704103296568
id16106,0.28894183954842056,0.17799562883272887,0.5330625316188511
id05468,0.03384376836480234,0.01589955610365994,0.9502566755315371
id05241,0.9192630509893345,0.026660373832218552,0.054076575178448674
id10215,0.4471421097103732,0.263202420800139,0.28965546948948634
id23457,0.02267273869684725,0.05890148036354512,0.9184257809396086
id02200,0.9279643622939363,0.06286651698117032,0.009169120724891927
id13714,0.2077392386587047,0.7506358023985231,0.0416249589427735
id20332,0.007723884928162843,0.003222616483881226,0.9890534985879527
