id,EAP,HPL,MWS
id02310,0.18827101376774164,0.026082539027469924,0.7856464472047882
id24541,0.8133579456316313,0.11792885116077438,0.068713203207597
id00134,0.5019744946497405,0.4583444772952399,0.03968102805501857
id27757,0.5507373609331178,0.4460383163430056,0.0032243227238761326
id04081,0.8264263465710546,0.1318788988877249,0.04169475454121983
id27337,0.5760839435457928,0.39452536306462904,0.029390693389581314
id24265,0.4830867043355975,0.39572170063455653,0.12119159502984553
id25917,0.14159313086903613,0.1355742034302966,0.7228326657006674
id04951,0.9658397974602551,0.032554688064848035,0.0016055144748953827
id14549,0.5927791041417665,0.18134957664576445,0.22587131921247064
id22505,0.1970924066305463,0.14079464171786718,0.6621129516515868
id24002,0.0017253197776931444,0.9972394716296247,0.001035208592684307
id18982,0.7514797232261208,0.10430313160053968,0.14421714517333853
id15181,0.008882901842192736,0.9894476959625927,0.0016694021952124573
id21888,0.7051555728474623,0.1378046264008155,0.1570398007517231
id12035,0.011403533890803091,0.0057816985774482,0.9828147675317477
id17991,0.13957619440612107,0.08723036222079789,0.7731934433730818
id10707,0.9919567633397495,0.002451889897082138,0.005591346763168622
id07101,0.13829987749161712,0.1901885991859554,0.6715115233224284
id00345,0.6807966373770082,0.29501087158875094,0.02419249103424071
id05912,0.8269727729856104,0.11813126775764055,0.05489595925674856
id13443,0.9751743485313504,0.013940231099942066,0.010885420368704933
id09248,0.08053842772369582,0.06833983590306035,0.8511217363732428
id17542,0.017663556116387657,0.972985111504212,0.009351332379398954
id06995,0.1659570239003802,0.024955365050685664,0.8090876110489315
id25159,0.6771828253439256,0.007564192944511898,0.31525298171156363
id25729,0.8226163596350357,0.141778077499724,0.035605562865240456
id26949,0.7346504033234229,0.20802464736677265,0.05732494930980494
id27191,0.6398175910719758,0.116651757015747,0.24353065191227835
id07668,0.2045550689544765,0.013547009514448548,0.7818979215310733
id02230,0.1360773247138133,0.48227872478825673,0.3816439504979312
id15553,0.9451762303613835,0.03174877761667548,0.023074992021937402
id25688,0.05929966154898506,0.9235716029269382,0.017128735524075584
id17545,0.9192250930899121,0.029389822003482873,0.05138508490660552
id13929,0.11133535814515093,0.19059245651370574,0.6980721853411428
id12880,0.6643306973818118,0.12616741942173842,0.20950188319644888
id19282,0.5249569729223343,0.17303577565359943,0.3020072514240648
id14690,0.04494120510474108,0.007433982549849825,0.9476248123454082
id17975,0.19165238513892838,0.7697872217808265,0.03856039308024223
id08037,0.5335219923282062,0.026272631092212863,0.44020537657957814
id15412,0.10167899498101796,0.0535415242236963,0.8447794807952859
id25032,0.45636820612780876,0.24725721742059,0.29637457645160176
id27165,0.9906763373945354,0.005047934602939245,0.004275728002525196
id03327,0.35998405298407343,0.5165731324634099,0.1234428145525177
id18515,0.6514376067569415,0.06761417760566862,0.28094821563738875
id21003,0.41300544630595676,0.0550006212587105,0.5319939324353342
id23855,0.010643906162273746,0.844886276871094,0.14446981696663327
id20724,0.8602510887596596,0.06999722517831822,0.06975168606202327
id13303,0.5752171554096944,0.08281826676651302,0.34196457782379447
id16521,0.014052126198279953,0.36193303911034946,0.6240148346913709
id20775,0.9746323565473487,0.02016018324183868,0.005207460210811766
id13029,0.9415698255252255,0.012776934379089656,0.04565324009568262
id14660,0.7174946638072806,0.21712968023882806,0.06537565595389076
id11028,0.005386760339195335,0.001891754593140067,0.9927214850676632
id14180,0.829445014297514,0.13575535206642525,0.034799633636062005
id25860,0.9953317260001984,0.004131725965469534,0.0005365480343354289
id11910,0.6458658698547632,0.019097715035979596,0.3350364151092576
id08065,0.3047099400206616,0.18617683394537032,0.5091132260339671
id22674,0.09598084828582812,0.014455426213647472,0.8895637255005233
id25018,0.20962618526720367,0.043975915210168914,0.7463978995226288
id10892,0.1353720524021852,0.8003074311360544,0.06432051646176169
id10217,0.3603542223735809,0.5660759565078484,0.07356982111857112
id12996,0.5146670768562858,0.20817729461636503,0.2771556285273493
id18262,0.5447428838816265,0.2643188425045051,0.19093827361386925
id08606,0.018137900877596924,0.9673500624052151,0.014512036717187088
id17233,0.9292412299639795,0.03205584305705241,0.03870292697896788
id00101,0.5551183137856157,0.2245712808750105,0.2203104053393751
id12225,0.8629737043204353,0.12846416745119027,0.008562128228374431
id01364,0.0862523947822184,0.8937336828551438,0.02001392236263682
id24973,0.4530211141968736,0.0690961409917732,0.4778827448113547
id25363,0.4900012840862655,0.018586432200745056,0.4914122837129919
id10061,0.5729229385471494,0.06054734436947256,0.36652971708338045
id17673,0.08727771606507219,0.8882482560826116,0.02447402785231545
id13249,0.6611968133664189,0.03150303056858943,0.30730015606499206
id10107,0.08687947217711922,0.012138622212019962,0.9009819056108609
id04403,0.8069112308640948,0.04047292581764552,0.15261584331826203
id25728,0.853482324533927,0.03045333882572216,0.11606433664035104
id16184,0.5873518128523418,0.15820430104299177,0.2544438861046659
id03438,0.006121716137722128,0.0007120761798619477,0.9931662076824168
id22923,0.021858704721461803,0.9742832175035158,0.0038580777750242424
id08610,0.8995636145785186,0.029688500332790357,0.07074788508869025
id25355,0.16792431003219485,0.12748794341764838,0.7045877465501573
id16916,0.3650234912192297,0.5587748056705336,0.07620170311023702
id12793,0.031442592073059154,0.9426153532351088,0.02594205469182964
id11859,0.7629857968661082,0.04495696798478351,0.1920572351491085
id02434,0.9905771748852524,0.004751016528593636,0.004671808586150722
id27703,0.03908811997053852,0.005507725410850332,0.9554041546186096
id25212,0.08390012039551373,0.9037046690472077,0.012395210557278942
id11308,0.0632921839277758,0.0786801148138168,0.8580277012584075
id26094,0.8660401614847704,0.07486975508455762,0.05909008343067127
id22080,0.679750916784011,0.3002665221633848,0.019982561052603126
id03545,0.9569519332315662,0.03749046236170717,0.005557604406728025
id23725,0.032500907624326884,0.10135864665456053,0.866140445721112
id12009,0.7153953918431775,0.19686732935264117,0.08773727880418275
id24241,0.1481410429374096,0.2137822470409783,0.6380767100216138
id03596,0.027154466403158894,0.9435036225820322,0.029341911014805475
id10749,0.3110233525582748,0.5294547743434054,0.15952187309832147
id22794,0.03670338740833737,0.0053508012866662555,0.9579458113049979
id15482,0.24627974636194228,0.07234985932907717,0.6813703943089809
id04833,0.5158976700302773,0.4189678747958909,0.06513445517383228
id00397,0.15710564647235772,0.009224476006178178,0.833669877521461
id14691,0.04173106248993402,0.020889857484696354,0.9373790800253707
id05193,0.20478039089906183,0.11280979688946496,0.6824098122114715
id19541,0.7756091247150374,0.03663462778951756,0.18775624749544384
id22166,0.007372025316376702,0.013935353833793076,0.9786926208498303
id20744,0.06518482482716224,0.03454242981808689,0.9002727453547525
id10392,0.03203448898238754,0.01098132516236551,0.9569841858552484
id00770,0.9303117126850372,0.03805399594231474,0.03163429137264548
id06018,0.13714539325069558,0.7978404710478739,0.06501413570143218
id15678,0.46621397146732146,0.007843304127151108,0.5259427244055277
id08305,0.854278516130995,0.10566365339794388,0.04005783047106097
id08903,0.22260985287596421,0.11534953635536095,0.6620406107686743
id14752,0.5904253225532993,0.3466483996064353,0.06292627784026425
id12468,0.297944898882643,0.6700100647669419,0.0320450363504164
id05085,0.3166783765967411,0.6427561969596468,0.04056542644361093
id21993,0.15496710826323304,0.019177571992508188,0.8258553197442583
id15503,0.801791167305511,0.17303385066566157,0.02517498202882586
id03021,0.0016562947370561065,0.9943097355468223,0.004033969716123979
id16123,0.9856148070727565,0.006682506015400029,0.007702686911840016
id19383,0.9685261195578208,0.02678558259158504,0.004688297850591407
id04186,0.9967021361692087,0.0019080473611574945,0.0013898164696340557
id17954,0.043628025795746046,0.007675717872336458,0.9486962563319186
id12030,0.19023928246414576,0.01988915621142668,0.7898715613244266
id13020,0.8392662185637848,0.12349135937322187,0.03724242206299251
id25327,0.064507658093081,0.4055280959068979,0.5299642460000176
id16344,0.3071473343527755,0.0721155856405654,0.6207370800066603
id12303,0.31271338614864513,0.5764768959296077,0.11080971792174894
id15017,0.9262940485339674,0.06168031161384015,0.012025639852190323
id22308,0.7233151755449633,0.1054255840861805,0.17125924036885512
id06536,0.013856704069448592,0.030701619156920306,0.9554416767736316
id19797,0.1413063892701226,0.5401238665106887,0.31856974421919004
id06332,0.5541904043640761,0.2480317382166983,0.19777785741922485
id22941,0.33915041806194346,0.20093727108261528,0.4599123108554424
id13547,0.15609443203185666,0.04911242509646293,0.7947931428716818
id06928,0.04344565116475261,0.00479019448470384,0.9517641543505434
id12521,0.5150591744182194,0.4378483100521515,0.0470925155296286
id25716,0.5465260363933682,0.09362668442218529,0.35984727918444703
id27116,0.0008952832399523534,0.00038916647692672173,0.99871555028312
id19941,0.037289227653990654,0.8471980613448411,0.1155127110011673
id05711,0.002253780218720341,0.007084826395514766,0.9906613933857665
id02097,0.009266615430612479,0.03190472294562127,0.9588286616237677
id03563,0.042842190226087234,0.9415089385585761,0.015648871215333933
id02295,0.32273581861031314,0.38490467401618333,0.2923595073735031
id08179,0.9957247266425729,0.002044699279381718,0.0022305740780453206
id05332,0.0315476939038153,0.9389226143019116,0.029529691794274514
id15697,0.523026575898481,0.11588140843615405,0.3610920156653654
id17026,0.09131296527977827,0.05034812399642948,0.8583389107237935
id04243,0.8234862435972339,0.14274753464195658,0.03376622176081079
id13175,0.9988225718885974,0.001027128500910439,0.0001502996104941802
id05387,0.8775789186939424,0.036957293662064856,0.08546378764399397
id19989,0.7634293164753269,0.07232877399862359,0.16424190952604945
id25173,0.3454388426534291,0.16355776283999449,0.49100339450657904
id08925,0.02984473858273042,0.9598968079326885,0.010258453484582796
id03034,0.04486707288130108,0.7831070661507926,0.17202586096790484
id13272,0.016443619501997554,0.964135227692945,0.019421152805055242
id07956,0.9210258429256275,0.042152110053558026,0.0368220470208128
id02648,0.03724502766079103,0.012116181121469184,0.9506387912177388
id01778,0.17941297565823447,0.014241521251239782,0.8063455030905259
id12846,0.004894341948865156,0.0010927621190844593,0.9940128959320516
id19001,0.38408549836223355,0.1067557197786582,0.5091587818591096
id05763,0.7158940188718274,0.08784181127263607,0.19626416985553813
id15590,0.04521276887016058,0.01260957871596607,0.9421776524138749
id04912,0.7395770806917248,0.11560697302578828,0.14481594628248648
id21201,0.7565090639761154,0.10217316781638795,0.14131776820749561
id13215,0.9631318721886007,0.018738365381041042,0.018129762430359048
id15612,0.11911012294142839,0.7487554885551382,0.13213438850343184
id18501,0.10423548975449327,0.09388404670008184,0.8018804635454266
id07223,0.5841858697932918,0.35715419182542457,0.05865993838128328
id06707,0.6637678317083532,0.16435184949351933,0.1718803187981285
id05238,0.007961889530583143,0.9839016036148335,0.008136506854584533
id00935,0.06504038787883211,0.19529586962391046,0.739663742497259
id00110,0.8290869973695364,0.06919620809165165,0.10171679453881356
id17476,0.9053493053053434,0.06565246378152305,0.02899823091313182
id15170,0.939443295892069,0.03803343373575274,0.02252327037218155
id13397,0.28293767603156156,0.15571014136233396,0.5613521826061053
id24283,0.602373040310126,0.07423091253321291,0.323396047156659
id15234,0.8833524557042707,0.10503787296412131,0.011609671331606597
id16884,0.4818024719678475,0.14684621166609055,0.3713513163660609
id07831,0.2926172313112192,0.6176791917675906,0.08970357692119171
id16038,0.7981990304924468,0.16622023568324878,0.03558073382430341
id03629,0.6673835033238057,0.07318098785083395,0.25943550882535943
id21019,0.5928143046540413,0.13228660194717906,0.2748990933987803
id21835,0.42861581016463024,0.1764543494918336,0.39492984034353584
id04480,0.2321725714474282,0.7610104154425127,0.006817013110060196
id20838,0.6575914628976485,0.20537354866600271,0.13703498843635012
id24195,0.6491664526549243,0.16375069496913147,0.18708285237594383
id05448,0.8078514129376312,0.13657842669500647,0.05557016036735891
id15957,0.12268562335814671,0.8617185608834744,0.015595815758378307
id19956,0.03699863238001524,0.00197345058129644,0.9610279170386871
id15104,0.14692498641710433,0.15747484665216954,0.6956001669307269
id17559,0.4587836544235295,0.3727474877715174,0.1684688578049531
id16839,0.4369371741204353,0.32728994988850674,0.23577287599105876
id14493,0.362642683500902,0.11181858493447482,0.5255387315646223
id08833,0.5808880582852975,0.02974380932176798,0.3893681323929338
id15723,0.19092774432912327,0.2322702548782684,0.5768020007926085
id02716,0.48243677751183306,0.4445523143020339,0.07301090818613405
id06689,0.06757613551142383,0.881356381214828,0.05106748327374956
id18837,0.33757776831782205,0.289591999842016,0.372830231840161
id04466,0.8921345725555471,0.053794554812022874,0.05407087263243038
id00686,0.7664745658547222,0.046261042380941364,0.1872643917643341
id09010,0.5006630571733979,0.4494749944062011,0.04986194842040152
id23353,0.5252041731191956,0.21678326966865713,0.25801255721214655
id00066,0.7666073261702308,0.13114903411091106,0.10224363971885742
id15724,0.10886275515527646,0.5566848253152807,0.3344524195294411
id23486,0.024554555543787552,0.010270847903929207,0.9651745965522829
id22258,0.14324025770095278,0.04332864988522824,0.8134310924138174
id02292,0.7236869005819065,0.10974437377305013,0.16656872564504385
id16356,0.4357156650663018,0.015642813251648208,0.5486415216820508
id00235,0.9457000990018105,0.009136567672614351,0.04516333332557545
id25522,0.07322952127513797,0.019858436465062943,0.9069120422597977
id04204,0.1005459859710939,0.8088938374173487,0.0905601766115586
id22016,0.6641477851209877,0.07396514033265106,0.26188707454636134
id06480,0.21222672042828958,0.6871680841104474,0.10060519546126147
id08718,0.13406646579687756,0.11058541045702273,0.7553481237460988
id05251,0.009526745250384048,0.9793344673823986,0.011138787367217613
id03359,0.8968543365224642,0.038529907636450485,0.06461575584108463
id16117,0.04500559710290888,0.005929247260365838,0.9490651556367248
id17000,0.041821523264656324,0.9516827562475759,0.006495720487769028
id01730,0.01820871297571268,0.9694263395842976,0.012364947439986817
id00630,0.5040678252646107,0.38438868743601107,0.11154348729937912
id18175,0.1405351581832725,0.014604433375940763,0.8448604084407851
id00907,0.7566554588241714,0.19023871293527625,0.05310582824055251
id18251,0.19045689623034814,0.801015092034764,0.008528011734889781
id25861,0.6091665585984438,0.07030622116986288,0.32052722023169294
id00398,0.7757811429326948,0.08524526260084822,0.1389735944664561
id27573,0.9792695036932593,0.0016528805283517608,0.01907761577838556
id10022,0.037327672765554785,0.8931107021472331,0.06956162508721535
id15901,0.09721477463932432,0.007159460215627291,0.895625765145052
id00451,0.10520719800467776,0.06200483660822708,0.832787965387097
id23129,0.09978145159442972,0.8505997035970135,0.04961884480855713
id26498,0.3160327048572644,0.5499024575457938,0.13406483759694202
id14741,0.5744742385762521,0.19339250192300603,0.23213325950074268
id18453,0.4207327746121845,0.2801270286757295,0.29914019671208897
id08309,0.9264132631783218,0.036449622388331944,0.03713711443334784
id00320,0.9995101436146104,0.00021724926965130265,0.00027260711574107353
id07688,0.41701607996787265,0.2344643063428797,0.34851961368924667
id01556,0.04569862659643827,0.0032323171802388327,0.9510690562233232
id00178,0.7226114595931269,0.12324366995750585,0.15414487044937059
id18902,0.034204045761719926,0.03138644475128514,0.9344095094869936
id27002,0.5030828086020676,0.4339734136638558,0.06294377773407624
id21418,0.9884907203686346,0.010513661680741675,0.000995617950626722
id23018,0.14449041887117398,0.09900577887429751,0.7565038022545286
id07032,0.41942303256287305,0.24070073163948263,0.3398762357976452
id16195,0.9618448041623873,0.006735882468422923,0.03141931336919005
id11202,0.15255673793844587,0.7302418757841549,0.11720138627739826
id09578,0.5109604374155973,0.14806464930764363,0.3409749132767589
id26984,0.7225184317521878,0.04127518178373927,0.23620638646407174
id19856,0.08879459571370048,0.867456111787678,0.043749292498621195
id12086,0.6001422575588359,0.14960453228533654,0.2502532101558282
id12052,0.03324437619911266,0.0649583231431926,0.901797300657696
id17728,0.05551895916273221,0.01933181843844666,0.9251492223988238
id24608,0.6280447649506637,0.08052423876573483,0.2914309962836029
id21097,0.20225640793057875,0.03248304769048228,0.7652605443789386
id20179,0.015444194944383635,0.0008050371685949873,0.9837507678870235
id15144,0.2709989277761505,0.5875117037862775,0.1414893684375739
id00206,0.7814799783094851,0.10719174816790075,0.1113282735226151
id22285,0.011488861578759061,0.004199220503665472,0.984311917917576
id06417,0.16440060472405668,0.3691758624794571,0.46642353279648635
id00215,0.043150672753468435,0.9525385808743643,0.004310746372166221
id04201,0.1423537499950403,0.03140388597763684,0.8262423640273223
id21771,0.962718016995986,0.022910967205211203,0.014371015798803559
id12451,0.1703883149093174,0.22091840752916306,0.6086932775615213
id14250,0.04332438523445042,0.8934038042063049,0.06327181055924291
id03433,0.04127121239986822,0.9524187371648428,0.0063100504352902945
id03303,0.19175599690543538,0.0385897802845099,0.7696542228100551
id25901,0.17912030174578722,0.6972336216442908,0.12364607660992091
id06945,0.6662211448273704,0.0193824155977091,0.31439643957492114
id05664,0.3569787307209596,0.4821356836332944,0.16088558564574534
id05741,0.9368531802472206,0.009148943621142148,0.05399787613163624
id10652,0.5230536865791829,0.23894052399934945,0.23800578942146788
id16300,0.9395370346752422,0.022882637120756607,0.03758032820399936
id12319,0.42838114703006475,0.2164007577028723,0.3552180952670634
id07500,0.08848213401871258,0.8969370699882678,0.01458079599302014
id12478,0.34423235387762385,0.5825845527349061,0.07318309338747055
id03076,0.1282043333224312,0.022734679007399148,0.8490609876701687
id00969,0.2909365254617645,0.5843668062922559,0.12469666824597793
id23636,0.040103194390313054,0.9414393994271654,0.018457406182523027
id09791,0.0732256253729372,0.2612644842446292,0.6655098903824326
id05680,0.2465681430389255,0.2775516283651964,0.47588022859587864
id03672,0.47740618903271814,0.48392065658877903,0.03867315437850402
id04286,0.0549800580880033,0.8844630053854897,0.06055693652650829
id23883,0.03838707583298564,0.4119716721141534,0.5496412520528622
id11914,0.5653618324304504,0.061108709911609,0.3735294576579419
id20974,0.08871411042830035,0.8811001164562554,0.030185773115444278
id26125,0.011982704666616816,0.025887228952232746,0.9621300663811521
id15543,0.4395969309219939,0.09259364684700781,0.46780942223099886
id19471,0.9976154730550986,0.0013884711758278623,0.0009960557690725138
id11503,0.47231640390862917,0.3868191241923881,0.14086447189898274
id09321,0.019337943477074477,0.9043924659386682,0.07626959058425652
id25560,0.0010774772566212608,0.0019626588529080553,0.9969598638904685
id06726,0.25680455474009056,0.34156679319854893,0.4016286520613593
id05709,0.9002053660567433,0.02275358728020331,0.077041046663055
id09788,0.2213490269971304,0.4490014616299801,0.32964951137289106
id05289,0.9861348643875844,0.010606562293374002,0.00325857331904064
id11815,0.14649159126781222,0.7748733538006208,0.07863505493156782
id22422,0.5764437264157053,0.3201943281196307,0.10336194546466358
id25954,0.6380447122716377,0.01295694284116507,0.3489983448871975
id13601,0.5167305929959196,0.3523003276811722,0.13096907932290855
id05677,0.7512656550673196,0.009804448929368274,0.238929896003312
id10498,0.04554278483393274,0.9420082665285259,0.012448948637540036
id02665,0.3034286149827138,0.3900558110306722,0.30651557398661505
id10114,0.08264472519001859,0.6136764584733112,0.3036788163366712
id26314,0.7883495488218029,0.15713896083464715,0.05451149034355146
id21240,0.5554353752401444,0.20718320607664972,0.23738141868320575
id15569,0.5260032880149562,0.3503525965573582,0.12364411542768661
id25928,0.3073201025264764,0.12233009192219697,0.5703498055513252
id22706,0.13506112847319746,0.8521555227623258,0.01278334876447891
id20877,0.04831490854788264,0.8338184820697058,0.11786660938240895
id04318,0.7244067753021894,0.047299160611422884,0.2282940640863873
id18299,0.07840082780481425,0.900524870057589,0.021074302137596434
id08126,0.21334861395712534,0.009118433585325741,0.7775329524575488
id14293,0.3433274774228941,0.015732232414755413,0.6409402901623488
id12759,0.9766646400219022,0.013144787463586188,0.010190572514510669
id11983,0.6387891926576139,0.059828608251897175,0.30138219909048997
id05580,0.3056174644467299,0.5315558246610859,0.16282671089218176
id25846,0.27937639818112114,0.3532447967644332,0.36737880505444453
id01939,0.38378461460042906,0.11977199221150699,0.49644339318806285
id26327,0.1408462024801451,0.4684824508451374,0.39067134667471776
id11068,0.0768972244163793,0.03077702427458247,0.8923257513090392
id08404,0.949496551546396,0.014209123000352526,0.036294325453249406
id27189,0.3701766900729671,0.5984780988487751,0.03134521107826083
id15119,0.20071461582520667,0.702919097979397,0.09636628619539472
id26525,0.8699667145557314,0.05857897446746084,0.07145431097680902
id03618,0.8351919998874373,0.1123291282460712,0.052478871866491535
id27220,0.9660882283111079,0.01584826936889213,0.018063502320002648
id18777,0.2130544365574283,0.0954352346047947,0.6915103288377776
id20213,0.8133911059149054,0.10569069975981732,0.08091819432527912
id20403,0.7521963232430994,0.1767264583825656,0.07107721837433761
id03777,0.052559727066539975,0.13005946420212794,0.8173808087313327
id10595,0.04363083164692539,0.9418180602488768,0.014551108104200952
id13816,0.3363489274016092,0.011834826518900488,0.6518162460794901
id05667,0.040838170709856285,0.3163903032558782,0.6427715260342645
id24629,0.43481122432714703,0.09710818271967218,0.4680805929531823
id20398,0.2924027950705074,0.22611930819831977,0.48147789673117286
id14108,0.0351799347948535,0.028810721973122483,0.9360093432320208
id06196,0.01997762160759169,0.9674104519514235,0.012611926440984486
id02800,0.6738012253429909,0.22956813777867027,0.09663063687833726
id18732,0.060888788083946384,0.8971371032349523,0.041974108681101845
id11915,0.22637621637190955,0.6590198087138516,0.11460397491423789
id09739,0.6791035419104103,0.1878957416237376,0.13300071646585276
id24672,0.8872166610239088,0.06800381770095336,0.044779521275135924
id00414,0.03130335797467183,0.03584337928745835,0.93285326273787
id16307,0.8957451909118278,0.04118424806941256,0.06307056101875988
id14043,0.1208923615628367,0.09502364665246221,0.784083991784701
id00517,0.0011003037181016532,0.001255449681861294,0.9976442466000366
id09744,0.993911390085224,0.0054649711648354984,0.0006236387499419395
id19257,0.8487558713940632,0.048433699086123376,0.10281042951981498
id15437,0.2621327784107797,0.6527087774020566,0.08515844418716256
id16352,0.0677957315388143,0.06264768511067932,0.8695565833505075
id18849,0.4993235752915934,0.17825783456788283,0.3224185901405237
id19434,0.0018327981481884444,0.996530793115873,0.0016364087359360914
id17928,0.32039569433220305,0.03892753771039059,0.640676767957403
id16896,0.11688805919865086,0.003212485591347623,0.8798994552100012
id02135,0.043020204568904576,0.38036776998968114,0.5766120254414128
id15075,0.8971956151813787,0.06519886315727125,0.037605521661349346
id27486,0.007173117124023663,0.9875406189680981,0.005286263907876232
id19422,0.79172587846078,0.18267451574017574,0.025599605799043273
id09603,0.280615321410688,0.677644419272634,0.04174025931667677
id02133,0.0806254703370127,0.8563116076308633,0.06306292203212288
id03441,0.45186736461343496,0.06239046396464877,0.48574217142191806
id02398,0.009207645673873296,0.984477359547869,0.006314994778256696
id05152,0.1115295656171599,0.014120268080473685,0.8743501663023647
id17838,0.4101430198943466,0.051365524197088244,0.5384914559085654
id25060,0.969120098749089,0.024506508254823738,0.006373392996088114
id09998,0.03239929669159235,0.06279933081219716,0.9048013724962097
id01828,0.12353900151285946,0.819064236453958,0.05739676203317965
id25377,0.330481612237636,0.06661806719246606,0.6029003205698993
id22175,0.072299587841637,0.9104375476065472,0.017262864551814427
id02974,0.03297620670381104,0.016786133784711593,0.9502376595114769
id26955,0.9794338638945324,0.01702831449953712,0.0035378216059299243
id21091,0.7932580232693224,0.1779101845948819,0.028831792135794735
id12802,0.8894912344368283,0.07519927607078894,0.0353094894923837
id07432,0.005273618706364972,0.9876811785156088,0.00704520277802885
id18749,0.44182652720191273,0.22884030041398462,0.32933317238410353
id15030,0.05710065215293736,0.06338141294314564,0.8795179349039144
id17155,0.04773611882416838,0.9041708089650178,0.048093072210816684
id08128,0.008849169494328646,0.9010007076437087,0.0901501228619607
id25706,0.025607283305847463,0.9352501691988451,0.03914254749530478
id15645,0.6035952394633592,0.26251367352566635,0.13389108701097546
id04943,0.6541341237175253,0.22530077647548255,0.12056509980699123
id27566,0.04098503379791046,0.02777823372796306,0.931236732474128
id11765,0.49024657149249723,0.1836877306864394,0.326065697821066
id13783,0.2032572261407012,0.6577176786863529,0.1390250951729464
id00492,0.10852252143682348,0.023751274192595977,0.8677262043705802
id27636,0.15289687463352192,0.04821438243922777,0.7988887429272512
id04273,0.9265823750433675,0.03726582541425598,0.03615179954237782
id02537,0.26601667887248104,0.27939845011311787,0.4545848710144014
id24349,0.7540789379585121,0.20254171215434555,0.04337934988714045
id00023,0.012240047621009071,0.9276179989977233,0.0601419533812703
id23025,0.2412649643324175,0.7470863760747616,0.011648659592820982
id08722,0.7370303542467795,0.11088540886154752,0.15208423689167125
id02420,0.9853077147257584,0.011997750485512562,0.002694534788725981
id10811,0.9185064343539844,0.02783057506849034,0.053662990577523814
id04019,0.028162472471240582,0.03657626950321977,0.9352612580255402
id18334,0.8988181769507765,0.0854498832895956,0.015731939759627587
id16781,0.4619877319629908,0.4971325547881172,0.04087971324889224
id08773,0.20902138596601655,0.7755039800607495,0.01547463397323247
id19214,0.21894700359758096,0.6799717439011713,0.10108125250124751
id09589,0.0023914577335819665,0.9833405261857819,0.01426801608063541
id24246,0.7306044528421873,0.12258050022269416,0.14681504693512154
id23577,0.6209695511308203,0.3511104998471128,0.02791994902206807
id09305,0.6846870978721357,0.023789629081156196,0.2915232730467095
id16460,0.2529942455823568,0.03233325920713512,0.7146724952105068
id21115,0.6011205241575142,0.08554945946408576,0.3133300163784001
id25996,0.5498290347708005,0.13516390999045777,0.3150070552387412
id02551,0.008610606005740835,0.014332974286868968,0.9770564197073919
id19352,0.06504242393781975,0.0013694822173579062,0.9335880938448219
id03806,0.23301749796005342,0.044344288419713,0.7226382136202344
id26544,0.821058500783836,0.08040690026394218,0.0985345989522224
id18761,0.7576268955412755,0.0887816327060738,0.1535914717526518
id24148,0.6029047607058077,0.3742057455422655,0.022889493751929266
id16095,0.06406934180091274,0.9226458841829622,0.013284774016126308
id18442,0.538499142410093,0.1257554328437429,0.3357454247461642
id22596,0.000573441373838864,0.0002057010542952873,0.9992208575718642
id23002,0.05756092992967242,0.027154231967675677,0.9152848381026505
id04797,0.978441494496155,0.008210948213181291,0.01334755729066534
id06610,0.29848420576284723,0.07162645456340393,0.6298893396737516
id16173,0.31017444785026704,0.6272107099804564,0.06261484216927665
id18292,0.3212325629967709,0.031422843186889066,0.6473445938163421
id27328,0.8586375590669395,0.027029101653861028,0.11433333927919795
id01695,0.05639025891825075,0.9264399959429432,0.01716974513880625
id05761,0.6690927692430001,0.046132931771678966,0.28477429898532214
id16354,0.9063906762743148,0.06230971950834568,0.03129960421733914
id12207,0.1307042216998588,0.40560955943703947,0.4636862188631007
id05665,0.24658967643582097,0.006816203413818232,0.7465941201503631
id01911,0.8708741619005311,0.10671076610529615,0.022415071994172146
id19153,0.06905367053268392,0.03530412593443486,0.8956422035328814
id10295,0.7254844007354028,0.2089411379631359,0.06557446130146001
id23038,0.4452414934210761,0.4674579116646491,0.08730059491427568
id23783,0.7195978606050738,0.26858451271040557,0.011817626684520374
id27879,0.9218450527443256,0.026730118360531286,0.05142482889514489
id19190,0.03278822684363129,0.9634146477105171,0.0037971254458512944
id05065,0.9389695810666793,0.04451446835133847,0.016515950581983657
id21296,0.10547605204331398,0.8360837339092507,0.058440214047435296
id13262,0.22202288473589227,0.255574116064059,0.5224029992000495
id10333,0.863581940132088,0.06787316433639036,0.06854489553152406
id16677,0.0999719793787849,0.5025535951940687,0.3974744254271458
id01392,0.5340469922706502,0.027672622948810812,0.4382803847805382
id27874,0.5916754402950957,0.28071924314903374,0.1276053165558707
id02294,0.002001995621246546,0.99267073592907,0.0053272684496839
id18298,0.011163120430688319,0.0294078307687254,0.959429048800585
id06997,0.9303244972305161,0.022128299662934843,0.04754720310654594
id05243,0.4304524131159419,0.32926099517503,0.24028659170902872
id00860,0.07031697219839429,0.8203991098087815,0.10928391799282204
id26681,0.9933875776323778,0.005104700562197075,0.0015077218054237636
id06020,0.01571300470941775,0.0002947789267439432,0.983992216363837
id27683,0.48539991363826196,0.15829047511944674,0.3563096112422914
id17655,0.042500605052908993,0.9534033720627177,0.004096022884372033
id08817,0.14840831682291278,0.047907717685198116,0.8036839654918889
id11512,0.027700144279107906,0.013301693590115581,0.9589981621307783
id00478,0.2560826792197255,0.06384182054713859,0.6800755002331351
id02116,0.8741448185437423,0.031614002265186125,0.09424117919107096
id06746,0.9427112160401061,0.036958626737721406,0.02033015722217083
id03863,0.3780402334341449,0.5789159821259904,0.04304378443986508
id01802,0.3172641187833072,0.6062206957359216,0.0765151854807718
id11682,0.7759792457476704,0.01884490132931511,0.20517585292301332
id04033,0.04970409188303529,0.5772519534028873,0.37304395471407675
id09286,0.06358035948332601,0.5394689598950986,0.3969506806215789
id12904,0.9936592370255988,0.0058652622602668476,0.0004755007141342894
id07420,0.03219220689928845,0.01936539575705411,0.9484423973436584
id22398,0.004926157393639206,0.9887535599664986,0.00632028263986176
id00424,0.13414647666360524,0.07244795302197742,0.7934055703144179
id20960,0.8195502216813532,0.11280116188664512,0.06764861643200336
id10267,0.5569163872393309,0.314153585676963,0.12893002708370616
id19330,0.34562183115024825,0.025120430990270455,0.6292577378594809
id00994,0.02077121628249466,0.9696399034957633,0.009588880221740464
id10785,0.6047090212865558,0.10854006517148562,0.28675091354195875
id00955,0.02513727664850669,0.947069636626335,0.027793086725157668
id09757,0.027814850232294696,0.9686146181281463,0.003570531639560481
id10030,0.12916374031015937,0.07979075091707145,0.7910455087727689
id22952,0.1567171904585014,0.19385197925450331,0.6494308302869949
id21955,0.010205084602325689,0.00953897964303505,0.98025593575464
id07674,0.7848925811456474,0.0423508849100559,0.1727565339442966
id13760,0.019055881640854488,0.976541724898615,0.0044023934605289155
id18166,0.8352432946055108,0.0721748359486565,0.09258186944583374
id23498,0.9423999510892884,0.04954948509615337,0.008050563814557866
id05296,0.977239359112645,0.00345702105489074,0.019303619832463183
id26709,0.8431362620268468,0.04554919600797397,0.11131454196518052
id02853,0.9326988944273585,0.04316994621512044,0.024131159357519954
id06800,0.37054689578786815,0.2508580577934214,0.3785950464187094
id14758,0.15841624589499154,0.6796784932359315,0.1619052608690748
id12356,0.9300990228142019,0.03474258205820594,0.03515839512759214
id21492,0.8276328688430574,0.13121479966512242,0.041152331491821015
id27540,0.32368288796198513,0.011804395972713943,0.6645127160652996
id07376,0.321816970720147,0.5013296795178841,0.17685334976196684
id15201,0.6431910881099188,0.317475745471554,0.039333166418526695
id23388,0.04600012577156565,0.9194966772469959,0.03450319698143953
id13923,0.09620681335634584,0.7910192336414055,0.11277395300224863
id00794,0.0709012980154038,0.8914843899158632,0.037614312068734765
id23910,0.2262734639685386,0.14209520528963224,0.6316313307418286
id02556,0.06214674585243878,0.8213405455144015,0.11651270863316036
id22151,0.005754532381277077,0.9913138127606117,0.00293165485811351
id11698,0.4431188387675965,0.4417702147459622,0.11511094648644135
id11627,0.33344578402766367,0.08701128088349462,0.5795429350888426
id06340,0.9982492064997635,0.00045269095570283805,0.001298102544535972
id05123,0.6290066957351633,0.16881195839304697,0.2021813458717904
id26620,0.03619540709744341,0.03432118508716539,0.9294834078153922
id04002,0.12508151277888802,0.25176900498126686,0.6231494822398447
id26554,0.6111875800857758,0.09012155510512035,0.2986908648091055
id18012,0.2837483585114228,0.11655841608815545,0.599693225400419
id12964,0.22124639989013042,0.06935319403423001,0.7094004060756379
id18965,0.10584920173694899,0.6887882845247478,0.20536251373830397
id19082,0.19300590945755225,0.13116765785192155,0.675826432690526
id26742,0.057666513839181435,0.007173770332913184,0.9351597158279035
id15442,0.06069848700422261,0.9026738083872354,0.03662770460854222
id16647,0.3412712437229074,0.2041977508450625,0.45453100543202996
id11544,0.3796656495431343,0.06580518344561473,0.5545291670112508
id20581,0.42512169503739905,0.06700580660477921,0.5078724983578233
id13192,0.4180095245740233,0.23763618219860083,0.3443542932273744
id15814,0.15774820442908674,0.07201408078999245,0.7702377147809205
id26279,0.1158557952994274,0.8763057679584213,0.007838436742149705
id00240,0.9038586684134162,0.046877044930632564,0.049264286655951346
id22836,0.9799464333930507,0.015439044244026208,0.00461452236292088
id15085,0.10776676420881304,0.5639188645057307,0.3283143712854535
id17495,0.3173867513790501,0.028938432919799344,0.6536748157011507
id26762,0.21556256393312867,0.42808345099086953,0.35635398507600136
id13685,0.9956916306980488,0.0006711589281713555,0.0036372103737770016
id16560,0.04876731959261737,0.9185691159874518,0.032663564419930305
id17184,0.002097835117822997,0.995890508075741,0.002011656806436522
id21635,0.9764503955772197,0.01016632505165294,0.013383279371126726
id26751,0.2727021409465777,0.5126121269714838,0.21468573208193972
id12351,0.8929227142729663,0.039831709137967464,0.06724557658906448
id14872,0.428938794191887,0.2471854780313106,0.3238757277768027
id18372,0.8726867224769852,0.10392394778419466,0.023389329738820634
id26851,0.34907771816056976,0.32061296626782926,0.33030931557160026
id22659,0.6382223230948126,0.34340105759810025,0.01837661930708832
id04102,0.015712274735154543,0.0027707396430420085,0.9815169856218049
id02353,0.15425227210847106,0.7500976538752957,0.09565007401623479
id26721,0.9432309113285859,0.040836836986280343,0.015932251685132657
id11171,0.6856155111277517,0.1849281244935065,0.1294563643787421
id13562,0.2856074878826598,0.5459912295076713,0.16840128260966938
id26425,0.512209734650645,0.19612273012039216,0.29166753522896194
id26394,0.5143963965301191,0.19452089290216396,0.29108271056771534
id22187,0.397545793227502,0.47619185637417466,0.12626235039832368
id00422,0.9631459496510044,0.002167855265204748,0.03468619508379391
id22667,0.008323794155109015,0.9903980806387777,0.0012781252061121922
id00911,0.33932815703823255,0.5559482418104077,0.10472360115136048
id17291,0.4932888357275921,0.05680098355187704,0.4499101807205302
id01915,0.35052492587734696,0.1870714207664306,0.4624036533562203
id01434,0.0448024951954797,0.040421014939684675,0.9147764898648355
id01584,0.7652441569482956,0.05284431141794689,0.18191153163375712
id09266,0.9811238518035993,0.013118190908765114,0.005757957287635437
id17494,0.014025262451099868,0.9798138251213421,0.00616091242755638
id24919,0.08408142227239239,0.2992868601418477,0.6166317175857597
id21043,0.15657391360465017,0.003467529625554982,0.8399585567697974
id17796,0.0654960212851578,0.9096652329286095,0.024838745786232533
id02166,0.4788065817828004,0.08998355200752202,0.43120986620968016
id17503,0.9607519687251204,0.01023105033171786,0.029016980943159704
id21203,0.36347377619240123,0.20423122622706216,0.4322949975805361
id25626,0.9981512690985308,0.0007544453909027315,0.0010942855105692583
id09836,0.9501753051215148,0.0365733517432594,0.013251343135225581
id24202,0.08101962731244995,0.08937585707523123,0.8296045156123206
id27260,0.17782319604308233,0.12331266414909119,0.698864139807828
id23167,0.16349047181804885,0.011253880582821348,0.8252556475991283
id10393,0.026440439697678404,0.9573404151687039,0.016219145133618048
id01171,0.9348009208075655,0.05313637038143146,0.01206270881099977
id06380,0.9103608258812906,0.0439463531875327,0.045692820931175916
id22686,0.443992612586309,0.018968979939670914,0.5370384074740208
id26250,0.2640123683889798,0.05806958330389593,0.6779180483071249
id09315,0.35918919524165727,0.4756174425030665,0.1651933622552746
id00886,0.10774629214149925,0.41966029952718453,0.47259340833131563
id03101,0.36382733353434693,0.40250189679937426,0.23367076966627806
id12367,0.5509954222900725,0.09592695796950526,0.35307761974042173
id10770,0.5375382889228855,0.09650395095854596,0.3659577601185677
id14949,0.025671548107667804,0.9615809083040344,0.012747543588297439
id14141,0.16403712743873747,0.7948436807771899,0.04111919178407242
id25417,0.2819866839683959,0.5159440286264844,0.2020692874051182
id26873,0.4663314998476033,0.10643736937936175,0.42723113077303704
id10818,0.28396196261460543,0.10988376912997365,0.6061542682554201
id15146,0.4457424938690724,0.16751614880759438,0.3867413573233328
id23328,0.7794889624596479,0.10214126123806475,0.11836977630228751
id16765,0.25072676292280394,0.5147198294966219,0.2345534075805729
id24383,0.8845131421134008,0.06113351118512433,0.05435334670147642
id21304,0.6241475244763606,0.14829408668703628,0.22755838883660257
id12551,0.10494861941803295,0.8826019421539233,0.012449438428044435
id23274,0.2868070403844109,0.15356365913933134,0.5596293004762556
id08117,0.493405893389254,0.08313445507281893,0.42345965153792703
id23961,0.9233344882435105,0.05077585237549836,0.025889659380993513
id13865,0.03628233737300044,0.9163221272268908,0.047395535400109316
id22807,0.3447888373617797,0.0401897879444344,0.615021374693786
id08951,0.20190084726451224,0.21014730945825955,0.5879518432772293
id18684,0.95211810443176,0.036288203001734604,0.011593692566504577
id25179,0.2958967236731417,0.41863583331674625,0.2854674430101114
id27033,0.8734027695272448,0.014565786781501638,0.11203144369125186
id13977,0.2554993568819259,0.606752692980318,0.13774795013775448
id19337,0.01067882342951869,0.8403870787589439,0.14893409781154068
id25764,0.052321673574624895,0.9030391708013674,0.044639155624006124
id16106,0.44982269483159054,0.09510972410059157,0.4550675810678145
id05468,0.036193923118103835,0.005448048286104516,0.9583580285957909
id05241,0.8241588152087793,0.025909953555625267,0.1499312312355967
id10215,0.34167616298358255,0.427691133068266,0.23063270394815008
id23457,0.030455157354073892,0.04838124182329951,0.9211636008226262
id02200,0.9312107571520148,0.05775523031012935,0.011034012537853636
id13714,0.18966982729311577,0.7706673655290837,0.039662807177799284
id20332,0.008533874564456164,0.005681050790635179,0.9857850746449077
