id,EAP,HPL,MWS
id02310,0.21578410096663708,0.04837589722055061,0.7358400018128114
id24541,0.7652290365133004,0.12892849133219217,0.10584247215450861
id00134,0.5161161213375927,0.43845925828750537,0.045424620374902316
id27757,0.5261209960299013,0.4701900752452898,0.003688928724810966
id04081,0.81630642854904,0.11177890031176135,0.0719146711391982
id27337,0.5469966180392518,0.4362928995231733,0.016710482437575717
id24265,0.3708673833045645,0.4974193043655212,0.13171331232991393
id25917,0.12927902113452555,0.13827589115418246,0.7324450877112922
id04951,0.9634704966826614,0.03490238036693605,0.0016271229504025472
id14549,0.6481577743469485,0.15830094845011392,0.1935412772029363
id22505,0.07447177302182961,0.1545355004983792,0.7709927264797909
id24002,0.0017770707048127055,0.9973388075245178,0.0008841217706706483
id18982,0.578088042967346,0.20083820541037242,0.2210737516222825
id15181,0.006459020316072031,0.9926571647004462,0.0008838149834819893
id21888,0.7268245915803723,0.12917975616075753,0.14399565225887206
id12035,0.01093807412137274,0.006125232792916159,0.9829366930857101
id17991,0.19827029399538346,0.12265636047205815,0.6790733455325576
id10707,0.9945588497551292,0.001336474362743639,0.004104675882124863
id07101,0.10718181764602427,0.24457825591702578,0.6482399264369494
id00345,0.6849966352459003,0.27189067932097355,0.04311268543312495
id05912,0.8260565906701897,0.11852196398917074,0.05542144534064059
id13443,0.9702257244761852,0.017413611134489988,0.012360664389327775
id09248,0.07971801239451375,0.07180424029742911,0.8484777473080567
id17542,0.021419338556150573,0.9691932450386294,0.009387416405219253
id06995,0.186585668110933,0.036457192417430645,0.7769571394716397
id25159,0.6688087704024316,0.01200719413303317,0.3191840354645366
id25729,0.8334357418089101,0.12579504593732313,0.040769212253767416
id26949,0.706105581790671,0.2247255003333035,0.06916891787602474
id27191,0.45897984914731554,0.08377416239078303,0.4572459884619021
id07668,0.25336418704035646,0.011314097559596895,0.7353217154000496
id02230,0.13880134463336358,0.4960922867166299,0.3651063686500075
id15553,0.9462204822567235,0.029264906412551386,0.02451461133072315
id25688,0.07002945745529117,0.9207950762206889,0.009175466324019919
id17545,0.9657600855249551,0.012170569371036777,0.022069345104007407
id13929,0.12476175909331799,0.194601904209816,0.6806363366968659
id12880,0.6524966610971915,0.12937804160657115,0.21812529729623617
id19282,0.7016867852483681,0.16457711052528837,0.1337361042263424
id14690,0.014024352443791145,0.007587905065646469,0.9783877424905613
id17975,0.16923813599876783,0.792972188534404,0.03778967546682606
id08037,0.6589150886262759,0.019579871010524743,0.3215050403632016
id15412,0.06854931686730832,0.05058154598865711,0.8808691371440339
id25032,0.4559903145751205,0.24922070669211838,0.29478897873276017
id27165,0.9929547435694983,0.0030564227642980745,0.003988833666202037
id03327,0.20694837563599325,0.7047539497947946,0.08829767456921182
id18515,0.6694987915971878,0.030715878962642978,0.29978532944016895
id21003,0.412592561778679,0.06115346038118036,0.5262539778401397
id23855,0.011390124475983416,0.8377965985197852,0.15081327700423125
id20724,0.5726715476718705,0.2658773746656814,0.16145107766244837
id13303,0.6046960056783606,0.06557297253851688,0.3297310217831218
id16521,0.011558356186861808,0.36370252869333536,0.6247391151198036
id20775,0.9792525712247135,0.014362689211921336,0.006384739563363692
id13029,0.9389329828264318,0.009189540343352533,0.05187747683021676
id14660,0.6836721354476181,0.25500979096114434,0.06131807359123877
id11028,0.004383120378049303,0.001571755809778659,0.994045123812171
id14180,0.7987577793049793,0.1635075958157968,0.037734624879222495
id25860,0.9953209388688471,0.003438726308028961,0.0012403348231242665
id11910,0.5797269307545593,0.0679083869435785,0.35236468230186213
id08065,0.3743341712477377,0.19750953954353997,0.4281562892087214
id22674,0.11521334417506482,0.015729344469552098,0.8690573113553801
id25018,0.22153390105786103,0.04190404349686905,0.7365620554452683
id10892,0.17006348040758407,0.7946427858252137,0.035293733767199374
id10217,0.6489256037631049,0.24857418113665194,0.10250021510024322
id12996,0.5240398316275668,0.20505073641922486,0.27090943195320905
id18262,0.4062803884941921,0.395328535343904,0.1983910761619047
id08606,0.013285542800072485,0.9664347212343488,0.020279735965579734
id17233,0.9326861085546607,0.029776802393916026,0.03753708905142323
id00101,0.6026215153461407,0.21244822084743853,0.18493026380642102
id12225,0.856599064611869,0.13528713902043873,0.008113796367692949
id01364,0.08336295598888414,0.8955856095654685,0.02105143444564685
id24973,0.47342177877653374,0.051236724938114736,0.47534149628535177
id25363,0.6392506264562096,0.01866739446942657,0.34208197907436244
id10061,0.5237512150439443,0.09363519133364352,0.3826135936224154
id17673,0.08798000833023699,0.8862117133054723,0.025808278364291837
id13249,0.5855026010828821,0.03644925496085052,0.3780481439562669
id10107,0.08973822010005154,0.015774627496929757,0.894487152403017
id04403,0.7955556864267448,0.05359665505170073,0.15084765852155518
id25728,0.7888623821556991,0.045722090217102454,0.16541552762719888
id16184,0.5984545286613985,0.18802789976480797,0.21351757157379347
id03438,0.006025854069546724,0.0006741452681249449,0.9933000006623273
id22923,0.02706697123581043,0.969235205497254,0.0036978232669355525
id08610,0.9057963425128875,0.03103844187486147,0.0631652156122504
id25355,0.1371873661631254,0.10409050390419029,0.758722129932684
id16916,0.4497028481615979,0.49291153931513065,0.05738561252327041
id12793,0.04421269540019602,0.917772679694877,0.03801462490492812
id11859,0.7715350867733047,0.04576856936006318,0.1826963438666336
id02434,0.9877712873341801,0.004674556129671041,0.007554156536147483
id27703,0.04245580137006918,0.005765590232256826,0.9517786083976757
id25212,0.10599517647449291,0.8786436853638776,0.015361138161627567
id11308,0.05869138594798852,0.07788488689569054,0.8634237271563209
id26094,0.8406232725629275,0.09050483810669827,0.06887188933037386
id22080,0.7444803850458115,0.2196631114574748,0.03585650349671221
id03545,0.9664622604573898,0.028687553570513436,0.004850185972095239
id23725,0.04764876251172413,0.05683852960423113,0.8955127078840474
id12009,0.6563963961133622,0.25362394927603177,0.08997965461060467
id24241,0.10577512529137348,0.22070477116775594,0.6735201035408691
id03596,0.02511739518791698,0.9439123212892869,0.030970283522796217
id10749,0.27035688254866735,0.5706604223767523,0.15898269507457696
id22794,0.03257536787621906,0.00476869041940668,0.9626559417043753
id15482,0.25474470999649573,0.10997093907881235,0.6352843509246935
id04833,0.5006918113790167,0.4186829671567176,0.08062522146426669
id00397,0.06247294410583149,0.00654125567531363,0.9309858002188517
id14691,0.060471391539549064,0.03195325083757149,0.9075753576228789
id05193,0.2625049889835528,0.15938044142826485,0.578114569588184
id19541,0.8148478292963234,0.02569417846783283,0.15945799223584262
id22166,0.008714120187135518,0.017687266065614222,0.9735986137472519
id20744,0.07071308180497912,0.039625581443146166,0.8896613367518761
id10392,0.029277692978447647,0.005609176857400667,0.965113130164153
id00770,0.9178219551917273,0.056408882497445606,0.025769162310828538
id06018,0.4475231050241089,0.5011587818901672,0.05131811308572518
id15678,0.43125090337085337,0.00997633064194056,0.5587727659872058
id08305,0.9272640530049164,0.06370004563297763,0.009035901362105636
id08903,0.22167228005806752,0.13242958227660395,0.6458981376653281
id14752,0.4788699552136067,0.452826823253682,0.0683032215327143
id12468,0.157706503654599,0.8205447825567684,0.021748713788629696
id05085,0.32487600040404657,0.5672982778261701,0.10782572176978399
id21993,0.10233186236494905,0.058406192299687416,0.8392619453353626
id15503,0.8195958677595128,0.1652255344113354,0.015178597829150925
id03021,0.00203947273731924,0.9930376962823312,0.004922830980349098
id16123,0.9914563953678569,0.00411081285157402,0.004432791780568096
id19383,0.9588991578172884,0.03442503566297681,0.006675806519738053
id04186,0.9968418314508001,0.0010570244187817972,0.0021011441304181963
id17954,0.04586459703903456,0.006066190309698106,0.9480692126512671
id12030,0.18470668273911417,0.027917796925674584,0.787375520335211
id13020,0.8741821817033173,0.0993033488596156,0.02651446943706856
id25327,0.045822100545053805,0.3802448416936295,0.5739330577613142
id16344,0.33332312966202476,0.07047794700992237,0.5961989233280538
id12303,0.32027517509371617,0.5733022067381522,0.10642261816813106
id15017,0.8600760936502966,0.12210356392651227,0.017820342423192654
id22308,0.7535549421315527,0.09544272193589146,0.15100233593255488
id06536,0.0169863487756792,0.028268973490244962,0.9547446777340788
id19797,0.14079628819338902,0.5500465444409626,0.30915716736564913
id06332,0.3513566297728794,0.39566028833215394,0.2529830818949672
id22941,0.370035179021356,0.22564809454685683,0.404316726431787
id13547,0.16498413179001792,0.05595745960267906,0.779058408607304
id06928,0.04975949723276065,0.0032247797887695736,0.9470157229784701
id12521,0.4722429255706484,0.48057904117091993,0.04717803325843011
id25716,0.534555959333207,0.06975730246450501,0.3956867382022876
id27116,0.0009499091368929341,0.0003970802482808932,0.9986530106148257
id19941,0.0501175370444955,0.8193979967646566,0.13048446619084858
id05711,0.00205747315771372,0.00642050924357331,0.9915220175987133
id02097,0.009833408561203212,0.05379108317961091,0.9363755082591864
id03563,0.031510094268313416,0.9488656263533679,0.01962427937831763
id02295,0.32213476388967616,0.38694461238080197,0.2909206237295216
id08179,0.9958411788782863,0.0014959634795701166,0.0026628576421441003
id05332,0.031719236199357924,0.9404788583335348,0.027801905467108246
id15697,0.4048402561125778,0.1360099178659019,0.45914982602151855
id17026,0.0936276264844412,0.037000094667176436,0.8693722788483808
id04243,0.8022951537588758,0.1284483437339987,0.06925650250712616
id13175,0.9996000730178847,0.0003354142706665459,6.451271145029986e-05
id05387,0.8593873402752051,0.0342960430631275,0.10631661666166671
id19989,0.7556408299772902,0.06996283178559164,0.17439633823711706
id25173,0.2821189152437746,0.15804651104481307,0.5598345737114143
id08925,0.02252577071426693,0.9704787647935322,0.00699546449220263
id03034,0.05134535322456063,0.7915363586227854,0.15711828815265327
id13272,0.017595795867587458,0.9670176653507582,0.015386538781656689
id07956,0.8999695594677747,0.07420342057707356,0.025827019955151714
id02648,0.05365408608885933,0.0058324750018673484,0.9405134389092716
id01778,0.2887598668776005,0.013194398201362829,0.6980457349210378
id12846,0.007453193157728508,0.001453913370214838,0.9910928934720582
id19001,0.3805952547369228,0.0786920226076856,0.5407127226553923
id05763,0.7205792000179253,0.09658860209968699,0.18283219788238622
id15590,0.04164690924700332,0.01465103406979238,0.9437020566832038
id04912,0.7516004401922037,0.12435734321210172,0.12404221659569475
id21201,0.7467218947655941,0.10860098376241072,0.14467712147199613
id13215,0.9655555876793116,0.01783044914338774,0.01661396317730068
id15612,0.27678727770989564,0.576198189723171,0.14701453256693403
id18501,0.11036316116338493,0.08250568507923227,0.8071311537573844
id07223,0.4863389953460299,0.45469557305203084,0.058965431601939844
id06707,0.6182918179257905,0.19928601440507654,0.18242216766913166
id05238,0.010489465520072117,0.9783125527168105,0.011197981763116423
id00935,0.05223743728880774,0.16288980572115994,0.7848727569900308
id00110,0.8305656110370802,0.05721883119426559,0.1122155577686571
id17476,0.9532649121543592,0.02790935245093776,0.018825735394703714
id15170,0.9537745919791621,0.02969358692224807,0.01653182109859101
id13397,0.31588492978457994,0.17671419067587227,0.5074008795395464
id24283,0.47686560166124853,0.12689864628116834,0.39623575205758377
id15234,0.8821531826945251,0.10839366759742092,0.009453149708055626
id16884,0.4886594820362231,0.17418963947413454,0.337150878489644
id07831,0.32174074157828497,0.5876803174474381,0.09057894097427752
id16038,0.8273643121194487,0.1399374134321871,0.03269827444836441
id03629,0.676161463542598,0.06823906764901427,0.255599468808387
id21019,0.5469020869596627,0.10551161861033514,0.34758629443000194
id21835,0.43228055662168846,0.16120765648462548,0.4065117868936876
id04480,0.08012646747825565,0.9145606185009452,0.0053129140208000745
id20838,0.6585276942098314,0.24109760113668485,0.10037470465348274
id24195,0.5666014456805768,0.19999609389540823,0.2334024604240152
id05448,0.7666033731562812,0.18126359602966044,0.052133030814059095
id15957,0.11086004925403264,0.8740879333941038,0.015052017351863381
id19956,0.018622340979157503,0.0023924612213969635,0.9789851977994473
id15104,0.31008837799039807,0.12393808065391426,0.5659735413556886
id17559,0.36492050703136636,0.443602637051162,0.19147685591747113
id16839,0.5485232810718644,0.14932178632629614,0.3021549326018405
id14493,0.4079384715210101,0.10553278695465934,0.486528741524332
id08833,0.5920823155493415,0.03277196912524985,0.3751457153254075
id15723,0.1875716303180817,0.2458297436385652,0.5665986260433538
id02716,0.7627059073884348,0.1371367255202095,0.10015736709135407
id06689,0.0730456423526386,0.8875519367147853,0.0394024209325757
id18837,0.3480621381717786,0.2797553534058482,0.3721825084223729
id04466,0.8714938444405813,0.06099876513941675,0.06750739042000212
id00686,0.8257298849162005,0.04940130968003731,0.12486880540376478
id09010,0.29376764332502026,0.667879076183783,0.038353280491197066
id23353,0.5660889032196321,0.2188822685276959,0.21502882825267372
id00066,0.7651783372266368,0.12753185591940364,0.10728980685395788
id15724,0.1341119443931938,0.5537077009401038,0.31218035466670185
id23486,0.02355395149315448,0.010516372344016464,0.9659296761628288
id22258,0.16730329635102423,0.08666333809121937,0.746033365557757
id02292,0.7234592816482406,0.10229516812175124,0.17424555023000896
id16356,0.2691498394817487,0.027121873570030777,0.703728286948222
id00235,0.9343280652484082,0.010801782703130343,0.05487015204846203
id25522,0.11015741607093155,0.018273513853726747,0.8715690700753411
id04204,0.07398873697448503,0.8487947241186102,0.0772165389069034
id22016,0.6449687040187527,0.1204375042541319,0.23459379172711495
id06480,0.1909667075747818,0.7172220145266235,0.09181127789859246
id08718,0.12877522872990155,0.11008628680347106,0.7611384844666269
id05251,0.01185324180837102,0.9798389107729858,0.008307847418645894
id03359,0.8886446245693822,0.040678773403915895,0.07067660202670184
id16117,0.07783163700824855,0.006202367894624793,0.9159659950971287
id17000,0.04116328387363215,0.9525131481974919,0.006323567928876301
id01730,0.04675508024656691,0.9169926390639908,0.03625228068944509
id00630,0.45684630483630767,0.42940055560086143,0.11375313956282933
id18175,0.17184758742828635,0.03223109120359423,0.795921321368118
id00907,0.7590986368746634,0.1912239672904025,0.04967739583493294
id18251,0.17046543969669753,0.8191408083409192,0.01039375196238307
id25861,0.7824364147679719,0.09472708688228187,0.12283649834974528
id00398,0.839212186604524,0.06373273434468162,0.09705507905079315
id27573,0.9774341779471698,0.002193396421164432,0.02037242563166452
id10022,0.02282895151719616,0.8856163708371186,0.09155467764568272
id15901,0.1299345153479804,0.007194311722406702,0.8628711729296153
id00451,0.16139869833919784,0.02918873128356008,0.8094125703772393
id23129,0.06784936829909861,0.9047284123291655,0.027422219371739148
id26498,0.3423993429068525,0.5269027894092793,0.13069786768386726
id14741,0.7666007800975511,0.13728607012933702,0.09611314977311049
id18453,0.45543258998681463,0.2552257281943027,0.28934168181888303
id08309,0.9193036086818689,0.03950513267053162,0.04119125864760032
id00320,0.9667529268905614,0.010987406042243884,0.022259667067192138
id07688,0.32096010997196145,0.12410804568765638,0.5549318443403819
id01556,0.050140948213311054,0.00271020779725886,0.9471488439894298
id00178,0.7398935651848845,0.11910807342975256,0.14099836138536045
id18902,0.09541860125716733,0.02008069815272647,0.8845007005901069
id27002,0.5147872621142865,0.4233947982656601,0.0618179396200532
id21418,0.9913196161342658,0.007624542644274943,0.0010558412214621534
id23018,0.11528949957794687,0.0860099433476441,0.7987005570744095
id07032,0.5048005291861066,0.1720073398421869,0.32319213097170824
id16195,0.9641384996159444,0.010263411309897375,0.02559808907415965
id11202,0.12098643792413241,0.7458808408400641,0.13313272123580286
id09578,0.5054899296551821,0.143604588575712,0.35090548176910635
id26984,0.7402436445029587,0.040011207886916256,0.21974514761012495
id19856,0.10011172022899742,0.8430275694400825,0.056860710330919106
id12086,0.6025960311594643,0.14421490612340684,0.25318906271712877
id12052,0.057299436159230784,0.07836160766522467,0.8643389561755429
id17728,0.07560435019872187,0.018362634937872803,0.9060330148634057
id24608,0.6480324526472395,0.07834648127440089,0.2736210660783601
id21097,0.2339372280287707,0.033604522205984616,0.7324582497652463
id20179,0.015907152023887067,0.0009419182981919767,0.9831509296779217
id15144,0.09845456773668942,0.7473212596365588,0.15422417262675137
id00206,0.5256177318650613,0.193027587200996,0.281354680933943
id22285,0.013750225648810628,0.004956127086104819,0.9812936472650857
id06417,0.15347068981473594,0.366018051520143,0.48051125866512157
id00215,0.06855562322788694,0.9266325778227447,0.004811798949368745
id04201,0.15094364699627297,0.027415227120559403,0.8216411258831662
id21771,0.9691869147375868,0.01805909826444328,0.012753986997968432
id12451,0.16791411092879868,0.21111241652792384,0.6209734725432784
id14250,0.05490908869752129,0.8711107493505074,0.07398016195197052
id03433,0.041277468646077356,0.954080109416071,0.004642421937850591
id03303,0.1809481347969583,0.016336984814516113,0.8027148803885263
id25901,0.18828085085739948,0.6606828489319813,0.15103630021061917
id06945,0.7032686659695241,0.03364378306888722,0.26308755096158903
id05664,0.32538561924704645,0.41544820672178356,0.25916617403117065
id05741,0.9620374090639484,0.009548563547128517,0.028414027388924897
id10652,0.5197264173000969,0.25789905445246686,0.22237452824743642
id16300,0.9359482005143301,0.018815297664999283,0.04523650182067368
id12319,0.5081835807669112,0.17134349014380776,0.3204729290892794
id07500,0.0952942173921913,0.8998974364707163,0.0048083461370916
id12478,0.09030551479408172,0.8107447031733213,0.09894978203259627
id03076,0.13815226610901668,0.025798753440282977,0.8360489804506988
id00969,0.24438312038329205,0.5305010845329249,0.22511579508378396
id23636,0.016191069581565687,0.9562736830888658,0.02753524732956776
id09791,0.10144683309366545,0.24870023368230962,0.6498529332240233
id05680,0.23937393481024552,0.2503730797633746,0.510252985426381
id03672,0.42108691902856427,0.5366041348691801,0.042308946102258584
id04286,0.07059301650841157,0.866258455757046,0.06314852773454512
id23883,0.02478411326826558,0.29813573756141837,0.6770801491703157
id11914,0.5328285037358826,0.05138197378332403,0.41578952248079365
id20974,0.05243577609447717,0.9109337171261397,0.0366305067793818
id26125,0.011240129502801835,0.027319575792675885,0.9614402947045236
id15543,0.4183583225721651,0.0724963409552986,0.5091453364725371
id19471,0.9980114583239059,0.0013173090851525636,0.0006712325909380305
id11503,0.3360209542130378,0.4665727501947986,0.19740629559216327
id09321,0.024650987882632282,0.8924494776689801,0.08289953444838881
id25560,0.0011764506317064331,0.001541584028456581,0.9972819653398379
id06726,0.2024314223698165,0.27480575718345834,0.522762820446726
id05709,0.9058758061414189,0.020210841378608745,0.07391335247997324
id09788,0.22450476279242038,0.5173331455872154,0.2581620916203644
id05289,0.9850874124911311,0.010558073071406882,0.004354514437460029
id11815,0.1441825609649943,0.800408368498166,0.05540907053683919
id22422,0.5666642005972449,0.31781904414998235,0.11551675525277239
id25954,0.8155230469453854,0.009754830535777269,0.17472212251883656
id13601,0.5042785086771892,0.379229883454101,0.11649160786871054
id05677,0.7606412952498603,0.011134090069269001,0.2282246146808723
id10498,0.04331508040292497,0.9487898392033468,0.007895080393729756
id02665,0.40068811515693786,0.4079444693286448,0.19136741551441613
id10114,0.06016385319288526,0.5808094068243159,0.3590267399827993
id26314,0.806685234806163,0.15006714939806398,0.043247615795771376
id21240,0.5545901096607125,0.21143663442740213,0.2339732559118847
id15569,0.4979132774202602,0.3496368386223223,0.1524498839574198
id25928,0.28649988551567845,0.11097085731913442,0.6025292571651881
id22706,0.3045925037039325,0.66730841931327,0.02809907698279851
id20877,0.04267072490699694,0.8171216609130466,0.1402076141799551
id04318,0.7176192004119487,0.04926256811469888,0.2331182314733519
id18299,0.08321741754956444,0.8942851441512493,0.022497438299187867
id08126,0.18522032026029475,0.007726690261230486,0.8070529894784764
id14293,0.26082295625097146,0.018578536052207027,0.720598507696824
id12759,0.9661649087552509,0.01578403478723827,0.018051056457510765
id11983,0.3833732253169517,0.10008088986848172,0.516545884814567
id05580,0.2199683970465863,0.5182331858250461,0.26179841712836976
id25846,0.31322275428106733,0.47890566427930453,0.20787158143962983
id01939,0.3906737413416845,0.12758042899693717,0.48174582966137713
id26327,0.13600612514281352,0.4349910477424464,0.42900282711473886
id11068,0.09847239970381483,0.04091961995968291,0.8606079803365043
id08404,0.943612471820221,0.020811878930887928,0.035575649248894045
id27189,0.7431390391289355,0.2143681258870336,0.04249283498403422
id15119,0.16727432898297345,0.7267894392986627,0.10593623171836523
id26525,0.8805670292072323,0.0582868091358446,0.06114616165692211
id03618,0.8696557567370571,0.0824001004061814,0.047944142856762705
id27220,0.9938779601122334,0.003315864057220015,0.0028061758305482887
id18777,0.22997721758542064,0.08979921219651653,0.6802235702180626
id20213,0.8210203041118491,0.08532015806953423,0.09365953781861608
id20403,0.8012686340194267,0.15291708211715,0.04581428386342679
id03777,0.06445403720536166,0.13792829721102662,0.7976176655836125
id10595,0.04805945242665887,0.9359726469740931,0.01596790059924744
id13816,0.29097252334010276,0.008633334189543948,0.7003941424703547
id05667,0.04418420579476877,0.23636560635214846,0.7194501878530862
id24629,0.43457499968293317,0.09928031409936808,0.4661446862176997
id20398,0.2578872287017624,0.25807910325101446,0.484033668047222
id14108,0.04749249805103732,0.03953308330804612,0.9129744186409169
id06196,0.019869014195270426,0.9685039977459315,0.011626988058794736
id02800,0.49852749935904295,0.2997381306267996,0.20173437001415737
id18732,0.09760253621825868,0.8565043041319548,0.045893159649788656
id11915,0.2416467359171633,0.60746345290939,0.15088981117344846
id09739,0.6853437021565548,0.2096712011745391,0.10498509666890732
id24672,0.8931889952890458,0.06518156871866872,0.041629435992284865
id00414,0.03165760670821694,0.059122242695493814,0.9092201505962904
id16307,0.8789114842818317,0.0378055580487163,0.0832829576694501
id14043,0.11482321847556728,0.09580459194448004,0.7893721895799526
id00517,0.0015699332387400457,0.0015697058699966958,0.9968603608912624
id09744,0.9927250294846584,0.0065249792284989595,0.0007499912868416225
id19257,0.8576449410059522,0.04214185233004382,0.10021320666400425
id15437,0.2972860186552415,0.6053357620128822,0.09737821933187674
id16352,0.07349724285142106,0.05918828373769979,0.867314473410879
id18849,0.4265683532238237,0.18091033172552906,0.3925213150506456
id19434,0.0012395622604946276,0.9971613960262204,0.001599041713283444
id17928,0.46379636729414153,0.029442704470172266,0.5067609282356884
id16896,0.09958193160834879,0.005014423814334949,0.8954036445773166
id02135,0.03350306612705359,0.3504116135734175,0.61608532029953
id15075,0.8742104889152663,0.08267781327434677,0.04311169781038862
id27486,0.006146213619092101,0.9891331216325594,0.00472066474834618
id19422,0.7654864329353772,0.20726829684401013,0.027245270220614085
id09603,0.2341750005038655,0.7212792473445381,0.0445457521515968
id02133,0.06431083772301412,0.8780686432338768,0.05762051904310908
id03441,0.5443219931915653,0.08380369032375785,0.3718743164846763
id02398,0.008460484124622629,0.9870918218673694,0.004447694008006079
id05152,0.10112932982677161,0.012008993616685044,0.8868616765565439
id17838,0.3897918561430358,0.039237192946964566,0.5709709509099995
id25060,0.9697990171543663,0.018779663755190388,0.011421319090445694
id09998,0.03556985925598208,0.07370066691308254,0.8907294738309346
id01828,0.1285925333874284,0.8215412298725799,0.04986623673998842
id25377,0.07393141459301568,0.08058909328278839,0.8454794921241965
id22175,0.11088645098433443,0.8726243269841593,0.01648922203150551
id02974,0.036270896028106944,0.015360842341374893,0.9483682616305169
id26955,0.9851785936933598,0.012011213659693673,0.002810192646947789
id21091,0.64882729107436,0.3039145792251425,0.04725812970049494
id12802,0.8971803992273459,0.06892555867544382,0.033894042097211516
id07432,0.006115006858732964,0.9852859630922689,0.008599030049001562
id18749,0.4133714805648627,0.2895783971320752,0.29705012230306355
id15030,0.06620744679015086,0.07651276674392944,0.857279786465923
id17155,0.046984681586591116,0.8984795097050235,0.05453580870838199
id08128,0.012854218228630029,0.9506691187072558,0.036476663064114415
id25706,0.028140373037056417,0.9499157565711305,0.021943870391809884
id15645,0.6242789408809561,0.26089696926237443,0.11482408985666817
id04943,0.6903193382642928,0.18545263569182954,0.12422802604387831
id27566,0.03661165657642807,0.015488152633499907,0.9479001907900746
id11765,0.5115423694255986,0.230402484236565,0.258055146337836
id13783,0.21235766261452785,0.648591352307924,0.13905098507754765
id00492,0.13407492195538762,0.019148690020048247,0.8467763880245623
id27636,0.11842923970476651,0.053106163909421196,0.8284645963858112
id04273,0.9169304103126044,0.04228823966214711,0.040781350025248415
id02537,0.2599864658634244,0.2550065007586281,0.48500703337794737
id24349,0.6260226801212934,0.3445394459498794,0.02943787392882686
id00023,0.008129025684923597,0.9214111079443674,0.07045986637070752
id23025,0.21678125386804833,0.7695908338092912,0.013627912322659513
id08722,0.7716894582300255,0.10970345126941713,0.11860709050055761
id02420,0.962668955559892,0.03204511922907899,0.005285925211027849
id10811,0.8994310535682677,0.05323138115445057,0.04733756527728245
id04019,0.023231168286040414,0.016919608383351107,0.959849223330606
id18334,0.9359239188145018,0.050596314296982844,0.013479766888515524
id16781,0.2554506569804174,0.6632691467340204,0.0812801962855616
id08773,0.1804298751961679,0.8071186091618086,0.012451515642021823
id19214,0.2515356557035023,0.6672361491417745,0.08122819515472174
id09589,0.0037242412365084744,0.9665254549095516,0.02975030385393957
id24246,0.6501108127938935,0.09719407214219347,0.2526951150639143
id23577,0.5417100400415279,0.4417726226972902,0.016517337261183256
id09305,0.6629492795294888,0.03766229732884548,0.29938842314166403
id16460,0.2772409833232616,0.05382054662750509,0.6689384700492349
id21115,0.6100658018646751,0.05247706191220606,0.33745713622311835
id25996,0.5386132726988366,0.1410710522705992,0.32031567503056424
id02551,0.012754524951740455,0.019787921344607013,0.9674575537036532
id19352,0.06626697776228427,0.0014606854065797278,0.932272336831135
id03806,0.3332094277717515,0.05286469948249654,0.6139258727457507
id26544,0.8210712665442402,0.08663486600242759,0.09229386745333353
id18761,0.8365448312492988,0.056194701397186346,0.10726046735351683
id24148,0.6173669115947785,0.36900366420861785,0.013629424196602877
id16095,0.06305000988632718,0.913128293695943,0.023821696417730475
id18442,0.5892570795481397,0.13932921927309283,0.2714137011787665
id22596,0.0004939571166361484,0.0002600895635415223,0.9992459533198237
id23002,0.053031786663971424,0.02705988874867497,0.9199083245873553
id04797,0.9783784215458732,0.006976816774269196,0.014644761679856854
id06610,0.2986751199632282,0.05925795255887912,0.6420669274778948
id16173,0.29989251304570413,0.6410252474114899,0.05908223954280597
id18292,0.1746001502430548,0.02118404088204548,0.8042158088748992
id27328,0.8418982089033775,0.031204902953824824,0.12689688814279823
id01695,0.05301109189529332,0.9313523066060175,0.015636601498688424
id05761,0.6721324131317584,0.056090598604942525,0.27177698826329827
id16354,0.9143430655596619,0.051777991231064295,0.03387894320927402
id12207,0.09693265619983218,0.6148889809848167,0.28817836281535014
id05665,0.24582736035389297,0.007699666585719763,0.7464729730603852
id01911,0.8667370645074485,0.11359953236741216,0.019663403125139672
id19153,0.06492124401874197,0.05008822002656494,0.8849905359546925
id10295,0.689924523151018,0.23926935738856384,0.07080611946041701
id23038,0.4594862662119774,0.44888574603170034,0.0916279877563229
id23783,0.6174210991629462,0.3748862338891324,0.007692666947921468
id27879,0.9151847354078088,0.02693709180908515,0.057878172783108695
id19190,0.03616634242783985,0.9602036184502422,0.0036300391219192705
id05065,0.9364850855610252,0.045909910058092696,0.017605004380882815
id21296,0.0984122016337794,0.8460762159186442,0.055511582447573954
id13262,0.2038723738969595,0.2601623179557143,0.5359653081473249
id10333,0.8304433640257219,0.09821192310293123,0.07134471287134356
id16677,0.1627839910227654,0.39655766074154114,0.44065834823569566
id01392,0.369158488506685,0.03599190054572266,0.5948496109475917
id27874,0.5959576144683637,0.2776508207312948,0.12639156480034097
id02294,0.0023953678360275846,0.992220077229143,0.005384554934827867
id18298,0.012206959172478424,0.03351549142942483,0.9542775493980954
id06997,0.9364817679594548,0.01987808543981887,0.04364014660072974
id05243,0.4181472411095968,0.32757051211821886,0.2542822467721843
id00860,0.028394041687346685,0.9259137514769956,0.04569220683565534
id26681,0.9876149869769602,0.00996102348552906,0.002423989537509199
id06020,0.019205256769957556,0.0002565080420840821,0.9805382351879549
id27683,0.5108789673518577,0.1623989953838278,0.32672203726431537
id17655,0.026936683979154045,0.9698313629355877,0.0032319530852582025
id08817,0.1037701751839753,0.041366684601044056,0.8548631402149809
id11512,0.027356556239159346,0.016030898565620857,0.9566125451952195
id00478,0.14144116675815696,0.03510877853531837,0.8234500547065248
id02116,0.8309413188516964,0.0473140464662859,0.12174463468201675
id06746,0.9210572325531972,0.06251561290496956,0.016427154541831683
id03863,0.596555500816592,0.2995746703228241,0.1038698288605836
id01802,0.32060392548103495,0.6325142918497996,0.04688178266916359
id11682,0.8744917900623466,0.019141675778794685,0.10636653415885865
id04033,0.1275138201744641,0.5909420751248493,0.2815441047006851
id09286,0.07819128741476801,0.5705862355917519,0.3512224769934816
id12904,0.9928015658186601,0.00681882941510895,0.0003796047662336944
id07420,0.03639950250650999,0.025251561465803006,0.9383489360276874
id22398,0.004695218511754877,0.9903849871190239,0.004919794369219721
id00424,0.08778250301036328,0.09356274767080565,0.8186547493188304
id20960,0.9161246001022673,0.04314802567345198,0.0407273742242806
id10267,0.5841341862559813,0.30758396328678467,0.10828185045723375
id19330,0.3488623397621849,0.024183711162334403,0.626953949075479
id00994,0.025138785272366175,0.9629323729897019,0.011928841737931128
id10785,0.6693394288198754,0.10216520942640903,0.22849536175371413
id00955,0.029565107733432596,0.9389439264663176,0.031490965800250986
id09757,0.03904945563752812,0.958051484520349,0.0028990598421234017
id10030,0.1258874049449482,0.05887037665134471,0.8152422184037056
id22952,0.14172323633894535,0.2046214486359634,0.6536553150250914
id21955,0.009100799354532707,0.00988924594412206,0.9810099547013439
id07674,0.803859262626105,0.04111794482492023,0.15502279254897544
id13760,0.015488696534814246,0.9811475928279783,0.0033637106372108863
id18166,0.8490536289559895,0.06588434506744321,0.0850620259765652
id23498,0.8785248677510851,0.10775544737572537,0.013719684873189019
id05296,0.9786554553418252,0.0032012946061491104,0.018143250052026216
id26709,0.8394931125782661,0.048072521207010416,0.11243436621472451
id02853,0.9345114853657019,0.041564536703739934,0.02392397793055659
id06800,0.3573665798411344,0.2376561117813394,0.40497730837752527
id14758,0.2742475530457584,0.46574251350953005,0.2600099334447122
id12356,0.9273386305139119,0.03909205078868078,0.03356931869740708
id21492,0.6172840789344901,0.2462937325980251,0.13642218846748574
id27540,0.4021449151509172,0.011433558341789848,0.5864215265072945
id07376,0.2226696389504472,0.5334387240482934,0.2438916370012601
id15201,0.6904253753008025,0.2648295350818636,0.04474508961733329
id23388,0.08080073252539173,0.8922317170588419,0.02696755041576621
id13923,0.08723613009459834,0.8230352408985633,0.08972862900683864
id00794,0.03702686795771201,0.9363251265726374,0.02664800546964895
id23910,0.25370933388328054,0.16962589563745512,0.576664770479267
id02556,0.06505725996474783,0.8340016270971659,0.10094111293808739
id22151,0.009112629254941267,0.9852757994409909,0.005611571304071316
id11698,0.4894143987449955,0.4004841609215022,0.1101014403335016
id11627,0.36905474528813137,0.078287978759395,0.5526572759524739
id06340,0.9976437154495664,0.0008138256661522045,0.0015424588842830086
id05123,0.8514551352860661,0.07338702004351724,0.07515784467041733
id26620,0.032957527509740105,0.024109491527322516,0.9429329809629361
id04002,0.14214355695266334,0.27008753239573247,0.587768910651604
id26554,0.6592022757287923,0.09853543497752591,0.2422622892936829
id18012,0.31768497815416985,0.09913463876053888,0.5831803830852936
id12964,0.2478271933412464,0.09102222160090198,0.6611505850578518
id18965,0.08517374899685824,0.7657266582902414,0.1490995927128976
id19082,0.15709926226760215,0.14430549138613222,0.6985952463462664
id26742,0.06156193990816047,0.0033155146103424817,0.9351225454814941
id15442,0.07442407595444775,0.8882227911101046,0.037353132935449396
id16647,0.3716819422593213,0.15947315217830332,0.468844905562375
id11544,0.3776696404744504,0.05950882516354877,0.5628215343620023
id20581,0.325358159167063,0.048867661135905544,0.6257741796970329
id13192,0.28412203182797935,0.46642796706536893,0.2494500011066514
id15814,0.540731750790995,0.100851676562373,0.3584165726466304
id26279,0.1143073885782288,0.8768630648493695,0.00882954657240143
id00240,0.8970831793501751,0.052783443381151894,0.05013337726867367
id22836,0.9789873267123905,0.01630403319510664,0.004708640092500602
id15085,0.0778192777080462,0.5323457175860022,0.3898350047059547
id17495,0.3930684740678598,0.029179140614241143,0.5777523853178994
id26762,0.24962394895057924,0.45510218281215703,0.2952738682372636
id13685,0.9953256636768523,0.0006846949434830956,0.003989641379661448
id16560,0.06103221510070636,0.8836567203193315,0.05531106457996453
id17184,0.0040896911875803,0.992715411780538,0.00319489703188121
id21635,0.9706946252474382,0.011918966906857044,0.017386407845703437
id26751,0.23218927953891946,0.5744943908122989,0.19331632964877987
id12351,0.8687805020563989,0.03929772485738976,0.09192177308621031
id14872,0.37519666317384853,0.33104676644622455,0.29375657037992653
id18372,0.9162351185261627,0.06370582183420169,0.02005905963963242
id26851,0.45550457857706245,0.2737995076350975,0.27069591378784136
id22659,0.6236364354350306,0.3558943706203376,0.02046919394463147
id04102,0.018768571602672222,0.002586756253584492,0.9786446721437405
id02353,0.14403740802086631,0.7530621153600208,0.102900476619114
id26721,0.9322546970025348,0.0589821759284213,0.008763127069042101
id11171,0.6583922946179712,0.22006173227033488,0.12154597311169302
id13562,0.2954598548815358,0.5243523581008496,0.18018778701761523
id26425,0.43355554898499665,0.15357432385103956,0.412870127163962
id26394,0.5168177457784375,0.19541193798474507,0.2877703162368158
id22187,0.12264756304546831,0.8157937917463008,0.061558645208230414
id00422,0.9515791176292732,0.001591864867893585,0.04682901750283058
id22667,0.005788468947582861,0.9935214807159649,0.0006900503364487316
id00911,0.6745014074718811,0.20985242962778822,0.11564616290033046
id17291,0.4685014575978695,0.04954658443604778,0.4819519579660811
id01915,0.3567565797976592,0.19231997073761423,0.4509234494647301
id01434,0.04306377649267352,0.04352700834705691,0.9134092151602695
id01584,0.721983144201448,0.0674687053192269,0.21054815047932465
id09266,0.9762558992953129,0.011074997654358206,0.012669103050326801
id17494,0.007872748913094411,0.9853663267283959,0.0067609243585101475
id24919,0.1436721526890266,0.34784609959981433,0.5084817477111585
id21043,0.1425424634624909,0.002918282967119421,0.854539253570388
id17796,0.03695494983774891,0.942267734100905,0.020777316061347098
id02166,0.27280371592303,0.09702440767006903,0.6301718764068989
id17503,0.9484931690733962,0.014687420714857251,0.036819410211743356
id21203,0.3991692157160361,0.24174785625105313,0.35908292803291053
id25626,0.9956153818692314,0.0026880728819463,0.0016965452488189715
id09836,0.9890183725690022,0.0072720431999570715,0.0037095842310412514
id24202,0.13891758155123266,0.15907960245300645,0.7020028159957608
id27260,0.2867839788597768,0.3173458870817811,0.39587013405844207
id23167,0.07793266379891325,0.006206160963587652,0.9158611752374982
id10393,0.03075518670157455,0.9520434042850473,0.01720140901337648
id01171,0.9158058250437761,0.07212898631262522,0.012065188643600285
id06380,0.8987974759077062,0.045258018596839866,0.05594450549545146
id22686,0.4443384796505372,0.019754426893891376,0.5359070934555706
id26250,0.24686349129663643,0.048337817365668834,0.7047986913376936
id09315,0.36809206081088613,0.5415279992781133,0.09037993991100025
id00886,0.13249845701660895,0.45127113488355997,0.4162304080998305
id03101,0.32887003151075916,0.3312316921702349,0.3398982763190072
id12367,0.6008264450270261,0.09538032877828596,0.3037932261946883
id10770,0.5319117606085265,0.119711415938417,0.34837682345305765
id14949,0.025351445742063838,0.9621729303006703,0.012475623957266986
id14141,0.10323721388909034,0.853113056730382,0.043649729380526255
id25417,0.46131787067075936,0.36743114477014277,0.17125098455909818
id26873,0.38858268371316634,0.1252912480242165,0.48612606826261867
id10818,0.26272291902219796,0.0994126558540015,0.6378644251238019
id15146,0.5728206406666019,0.12818025977838382,0.29899909955501563
id23328,0.736291851989844,0.09026430820796849,0.17344383980218595
id16765,0.24316081361230768,0.5496200016081065,0.20721918477958717
id24383,0.862153322698819,0.08036884133000997,0.05747783597117454
id21304,0.5520503796172849,0.21899442368225233,0.22895519670046294
id12551,0.0851739419260136,0.906278480812444,0.008547577261541355
id23274,0.31758957987641945,0.15696307706569648,0.5254473430578851
id08117,0.4307818191097836,0.07566278616313186,0.4935553947270862
id23961,0.9365885223071503,0.04440576588701821,0.019005711805833842
id13865,0.03322967417116733,0.9230990894999851,0.04367123632884644
id22807,0.4019583352663378,0.04533394117494482,0.5527077235587189
id08951,0.08728946278924446,0.23770676646530114,0.6750037707454549
id18684,0.9531829234436096,0.0377098633028431,0.009107213253548022
id25179,0.22133170739725933,0.47382560703110377,0.3048426855716351
id27033,0.853251967717923,0.014425970049547857,0.13232206223252638
id13977,0.1960926869652861,0.6749361881221607,0.128971124912553
id19337,0.012748043668896139,0.8354754878899424,0.15177646844115927
id25764,0.0792207590517606,0.8339275688185357,0.08685167212970421
id16106,0.27246869023545256,0.056416428137017395,0.6711148816275316
id05468,0.027386886644743785,0.009921073838991858,0.9626920395162641
id05241,0.8415639084995744,0.05476086128751884,0.10367523021290342
id10215,0.3324690374950689,0.412313154096375,0.2552178084085563
id23457,0.027605986602630323,0.050075457755095844,0.9223185556422729
id02200,0.9366956121645946,0.05283423598458734,0.010470151850822344
id13714,0.2491018686770815,0.6979838108906418,0.052914320432275015
id20332,0.007225778367280971,0.003158882300121734,0.9896153393325976
