id,EAP,HPL,MWS
id02310,0.26774126987431407,0.11953742127937438,0.612721308846311
id24541,0.6633876843603884,0.16818655589682616,0.16842575974278426
id00134,0.43138873714230047,0.4996993255345997,0.06891193732309894
id27757,0.527621067805753,0.41982816768282283,0.052550764511422286
id04081,0.7843475336913805,0.1237933075975857,0.09185915871103466
id27337,0.543945845106064,0.3621042319190497,0.09394992297488643
id24265,0.5047164255502528,0.383263050327942,0.11202052412180687
id25917,0.2092037396823128,0.19294994449641345,0.5978463158212749
id04951,0.8399315351744571,0.11342697312738302,0.04664149169815871
id14549,0.5942920967909282,0.12815788986132226,0.2775500133477484
id22505,0.2083921935038274,0.23800236548526965,0.5536054410109046
id24002,0.058364687434359686,0.9099749078332109,0.03166040473242879
id18982,0.5063946793721441,0.1999871847913506,0.29361813583650614
id15181,0.12315343451654598,0.8362843477760069,0.04056221770744793
id21888,0.45739830875990656,0.2362112167067885,0.3063904745333064
id12035,0.043120713951870684,0.02559717829920547,0.9312821077489253
id17991,0.34719820647101113,0.1427861460147856,0.5100156475142035
id10707,0.9527755540551462,0.015203111676706235,0.032021334268147676
id07101,0.20840382919462916,0.30617979855560634,0.48541637224976336
id00345,0.6274542356094912,0.2715580197065911,0.10098774468391714
id05912,0.7480371868467187,0.1345877583663455,0.11737505478693476
id13443,0.8828746241167882,0.050518093897855124,0.06660728198535813
id09248,0.24600430478353905,0.18282794700850366,0.5711677482079556
id17542,0.17028634055573136,0.739349819384842,0.09036384005942823
id06995,0.27236965465095997,0.06028808027041943,0.6673422650786186
id25159,0.6753302293316131,0.044385917051511646,0.28028385361687386
id25729,0.6509559021632381,0.24802367140833262,0.10102042642842879
id26949,0.6392786423583567,0.20301213859956793,0.1577092190420752
id27191,0.4601454607599833,0.14542781531776616,0.3944267239222536
id07668,0.40002418449443194,0.0467791098509141,0.5531967056546528
id02230,0.30027884789404397,0.3613579413806853,0.3383632107252719
id15553,0.8918896865684955,0.055035719565477655,0.05307459386602528
id25688,0.18067010639169095,0.7198413483047004,0.09948854530360911
id17545,0.7567142281782085,0.12397635415969524,0.1193094176620975
id13929,0.153701941491492,0.20482500325134703,0.6414730552571617
id12880,0.5078063404772639,0.22443136507604747,0.2677622944466882
id19282,0.5287335449652802,0.1916206541717905,0.2796458008629277
id14690,0.09222858274728156,0.06088682430971607,0.8468845929430034
id17975,0.2694950098187963,0.5274910242949605,0.20301396588624532
id08037,0.6261079796662102,0.04203803951072198,0.33185398082306733
id15412,0.22763256767833573,0.1233665192988362,0.649000913022828
id25032,0.40175496783261627,0.2753778303927053,0.3228672017746783
id27165,0.8831050491297082,0.04842095006652021,0.06847400080377118
id03327,0.26165741849714386,0.5252706443513856,0.21307193715147174
id18515,0.6223187751515916,0.09201417130987175,0.28566705353853566
id21003,0.4214135933495216,0.08843709017489024,0.4901493164755864
id23855,0.07880470878191466,0.6155317179874066,0.30566357323068033
id20724,0.659284932310287,0.19959308254292812,0.1411219851467847
id13303,0.5650910551946126,0.11916689211382288,0.31574205269156536
id16521,0.09105895013492342,0.40863717624723356,0.500303873617844
id20775,0.8791789572167308,0.07763054292227797,0.043190499860991285
id13029,0.7405516204026076,0.07083439102463417,0.18861398857275752
id14660,0.6508530650369562,0.2158886278178344,0.133258307145211
id11028,0.07295740399498761,0.023678492684283806,0.9033641033207277
id14180,0.7838439302693796,0.13776148234210334,0.07839458738851844
id25860,0.959550466060168,0.025729258929045422,0.014720275010783214
id11910,0.5125649195467737,0.11015912958021278,0.37727595087301213
id08065,0.3700597250381403,0.22226392222334287,0.40767635273851555
id22674,0.2104736789473204,0.08176916984488884,0.7077571512077939
id25018,0.2738629650271463,0.12885098297776765,0.597286051995087
id10892,0.27539457940035333,0.6096883875401462,0.11491703305950147
id10217,0.4442910648388189,0.45308355221809526,0.10262538294308647
id12996,0.5149841910043848,0.22675605801337323,0.2582597509822413
id18262,0.4696443752461483,0.25775322730888117,0.2726023974449672
id08606,0.08197517306523801,0.8498171527365368,0.06820767419822349
id17233,0.761205572266537,0.08059686328514677,0.15819756444831717
id00101,0.3912863855698337,0.20684250650443037,0.4018711079257347
id12225,0.7164386953502186,0.19024079027572335,0.09332051437405735
id01364,0.19027377021649064,0.7079147745078607,0.10181145527564832
id24973,0.593290927183758,0.1315318220985022,0.2751772507177398
id25363,0.571584265762915,0.05850117427502474,0.36991455996206174
id10061,0.5094925828990444,0.12194301119630414,0.36856440590465145
id17673,0.268125054864896,0.5555885458333786,0.17628639930172404
id13249,0.5139244074236554,0.13482553118973314,0.3512500613866114
id10107,0.16558772984123657,0.07113385704125108,0.7632784131175127
id04403,0.6870742175511108,0.09257734523928739,0.22034843720960254
id25728,0.6654523885939564,0.10389068207022287,0.23065692933581983
id16184,0.5558613468170149,0.1850053230268599,0.2591333301561252
id03438,0.0833635499895459,0.017750850215361883,0.8988855997950939
id22923,0.16753883422754318,0.7775011290821429,0.05496003669031326
id08610,0.7402126485503345,0.07586690350182697,0.18392044794783718
id25355,0.19413084672871733,0.1627618243413559,0.6431073289299257
id16916,0.4692297895043935,0.3947048558607096,0.13606535463489727
id12793,0.22130754895854693,0.6619463043576836,0.11674614668377047
id11859,0.6376822980569502,0.0995208634934005,0.26279683844965035
id02434,0.9210898466180726,0.034008857131274634,0.0449012962506537
id27703,0.11115991453272996,0.04727925677768429,0.841560828689586
id25212,0.3451610421465486,0.5522966007049499,0.10254235714850131
id11308,0.19249219313216506,0.20761666630186962,0.5998911405659636
id26094,0.6204354742639883,0.16098889069466965,0.21857563504134103
id22080,0.6419030966095102,0.3083644566475054,0.049732446742984375
id03545,0.8020476087618198,0.14425069368688526,0.053701697551293885
id23725,0.14161610408667497,0.13112726741982184,0.7272566284935058
id12009,0.6063911329075344,0.25948828235349886,0.13412058473896554
id24241,0.21586604604899257,0.25694363547485144,0.5271903184761552
id03596,0.150356904765896,0.7639634757618718,0.08567961947223322
id10749,0.44655613060533417,0.27692650986539896,0.27651735952926926
id22794,0.07547338970564176,0.04353633676333875,0.8809902735310192
id15482,0.40252765575154886,0.13924291239998837,0.45822943184846615
id04833,0.49554547800863447,0.373141210621943,0.13131331136942323
id00397,0.29436339090036295,0.025254616388332325,0.6803819927113027
id14691,0.17193523060306262,0.09838103974981348,0.7296837296471246
id05193,0.2318013702849628,0.10651226358981039,0.6616863661252254
id19541,0.646822073644228,0.10715318432169149,0.24602474203407737
id22166,0.07182937321399205,0.050725983025261386,0.8774446437607479
id20744,0.16213912673180952,0.08045420396396666,0.7574066693042233
id10392,0.10816052349912718,0.04753158875018375,0.8443078877506897
id00770,0.776971418536948,0.1050711586421979,0.11795742282085576
id06018,0.3395798343556494,0.4906383609983794,0.16978180464597262
id15678,0.29396967107363364,0.04728888544435139,0.6587414434820125
id08305,0.6373369748244914,0.23922825038595724,0.12343477478955102
id08903,0.3652465218713812,0.21974131643520456,0.41501216169341587
id14752,0.49868586396540415,0.3609091297803041,0.14040500625429156
id12468,0.30524747249056394,0.6124912462619225,0.08226128124751281
id05085,0.4451382738770739,0.38828787789523883,0.16657384822768806
id21993,0.21233141628160707,0.06989531845857891,0.7177732652598129
id15503,0.7034178202938303,0.21873598711497727,0.0778461925911929
id03021,0.0634982807743611,0.8244804903781501,0.1120212288474887
id16123,0.907910105695574,0.04734467249738954,0.04474522180703821
id19383,0.8658782703961377,0.08841072800223802,0.04571100160162127
id04186,0.9381577531056224,0.032715571185402,0.029126675708975275
id17954,0.17438568756155218,0.04365534694093724,0.7819589654975079
id12030,0.2250765679478074,0.054879188575910016,0.7200442434762835
id13020,0.6918666626836397,0.21832172172592887,0.08981161559043309
id25327,0.13264741347056225,0.3466449495441287,0.5207076369853089
id16344,0.30153084043209094,0.17175003351762289,0.5267191260502877
id12303,0.36232227047560894,0.38925900522090423,0.24841872430348616
id15017,0.7868227023843285,0.11891323384371331,0.09426406377195738
id22308,0.5354081292673238,0.11842211171192396,0.3461697590207508
id06536,0.09889608338560807,0.1584818666106715,0.7426220500037181
id19797,0.1940641275848393,0.4267476728150742,0.3791881996000866
id06332,0.4479147095183426,0.3376972913880624,0.21438799909359857
id22941,0.524567609111912,0.1863955800634578,0.28903681082463134
id13547,0.21349139788478158,0.15069087553549004,0.6358177265797268
id06928,0.142920108291934,0.030717911154962207,0.8263619805531038
id12521,0.5653554195262376,0.33263118965807953,0.10201339081568113
id25716,0.5070665047828372,0.09617508993198627,0.39675840528517714
id27116,0.012767474921625731,0.00552937309611197,0.9817031519822609
id19941,0.17256318728179448,0.6151205192881808,0.21231629343002617
id05711,0.04263291261950113,0.05587725924084656,0.9014898281396505
id02097,0.09869508800571215,0.1402141522629356,0.7610907597313515
id03563,0.15484106371149117,0.7549854526197599,0.09017348366875022
id02295,0.37731894928156184,0.34816383070423657,0.27451722001420137
id08179,0.9301984917818696,0.028057244212801577,0.04174426400533383
id05332,0.1482265211588785,0.7180546005556646,0.13371887828545778
id15697,0.48157893253878914,0.21000062518889717,0.3084204422723121
id17026,0.20777230745052355,0.16356643837169232,0.6286612541777856
id04243,0.6081766504169306,0.2307427357830139,0.16108061380005625
id13175,0.9644888421945069,0.021757006309095404,0.01375415149639769
id05387,0.7466270488048239,0.08830760427385556,0.16506534692132285
id19989,0.5809896503406917,0.1540172049751926,0.2649931446841168
id25173,0.3931621932414813,0.18773540598272337,0.4191024007757957
id08925,0.14295978074275362,0.7727308203661036,0.08430939889114099
id03034,0.1805295312698296,0.5902577459335939,0.22921272279657817
id13272,0.17798251987596167,0.6749081977062229,0.14710928241781804
id07956,0.7246959435452,0.11564523316827906,0.15965882328652148
id02648,0.16357002475923843,0.052429594864574845,0.7840003803761877
id01778,0.28515990876495617,0.024412455596566015,0.6904276356384794
id12846,0.06418380314131278,0.023474608680493322,0.9123415881781934
id19001,0.40116539893936215,0.10709414403699881,0.49174045702364017
id05763,0.7167168488533371,0.11070193202987524,0.17258121911678742
id15590,0.1346461997545389,0.04621591519495665,0.8191378850505039
id04912,0.5621996850259968,0.20059378420188254,0.23720653077211948
id21201,0.6156627054764163,0.19018350942107903,0.19415378510250494
id13215,0.7922596655939571,0.09427211889867516,0.11346821550736931
id15612,0.2815934418354787,0.5154422841725331,0.20296427399198688
id18501,0.2180217273290022,0.1948567322020606,0.5871215404689365
id07223,0.45860606704003737,0.3964733753489557,0.14492055761100808
id06707,0.6414315158191651,0.1856060678654859,0.17296241631535006
id05238,0.08171860490448556,0.8497879337992165,0.06849346129629856
id00935,0.2082998084373394,0.21636728926239285,0.575332902300268
id00110,0.5926112575684797,0.140285089035475,0.2671036533960456
id17476,0.7503622732495683,0.1316019570736343,0.11803576967679755
id15170,0.8027669897923448,0.09597023484192663,0.10126277536572735
id13397,0.4069138553466799,0.1674798807292813,0.4256062639240394
id24283,0.4822637969139794,0.19919750445472348,0.3185386986312954
id15234,0.7769283509801576,0.13882882612734188,0.08424282289250229
id16884,0.46646188827779494,0.21475917004470294,0.3187789416775022
id07831,0.35577213245789224,0.43898424672770586,0.20524362081440342
id16038,0.7169717024188794,0.1693853967854992,0.1136429007956207
id03629,0.6605864505011058,0.10322776805195645,0.23618578144693755
id21019,0.5566996211541587,0.17595577980372373,0.26734459904211777
id21835,0.4794296762591004,0.1681178039641556,0.3524525197767444
id04480,0.24130115514762354,0.6859146010083543,0.07278424384402336
id20838,0.5420145888811262,0.31486397864365717,0.14312143247521764
id24195,0.37237438629370306,0.2721257604153482,0.3554998532909475
id05448,0.5706026396776451,0.2698261136826642,0.1595712466396935
id15957,0.1425665251067573,0.8030398467187481,0.05439362817449477
id19956,0.08387279141230072,0.01991936288821451,0.8962078456994838
id15104,0.1947492572697321,0.19333453543408663,0.6119162072961809
id17559,0.4189026657740725,0.35459586483948446,0.2265014693864415
id16839,0.5314863261168056,0.15728202260433918,0.31123165127885366
id14493,0.4320902204846844,0.10209165868408353,0.4658181208312309
id08833,0.481389099991683,0.11528551255654754,0.40332538745176877
id15723,0.21766288385559268,0.24341095591341128,0.5389261602309968
id02716,0.6266050656134518,0.22802699477843544,0.14536793960811234
id06689,0.20638711014588915,0.6813813644117104,0.11223152544240116
id18837,0.3477410941963512,0.28065843473865887,0.37160047106498834
id04466,0.7649275714795561,0.1057541406156401,0.12931828790480257
id00686,0.714952296972585,0.0850655507704801,0.19998215225693605
id09010,0.38695332702909185,0.50760326549994,0.10544340747096947
id23353,0.5932605750678188,0.17615779204497956,0.2305816328872022
id00066,0.6192109922313237,0.15289050647406627,0.22789850129460995
id15724,0.14763882306301787,0.5016187850839585,0.3507423918530246
id23486,0.1577516348229064,0.05449873379450772,0.7877496313825857
id22258,0.26660228407715186,0.13104079031122332,0.6023569256116236
id02292,0.715069845107927,0.11002944362746922,0.17490071126460466
id16356,0.3933435209775573,0.07056275135943516,0.5360937276630046
id00235,0.8355431446211321,0.04231457295245765,0.12214228242641047
id25522,0.21785639246238353,0.05764082983791042,0.7245027776997055
id04204,0.18600968996827677,0.6541683985382724,0.15982191149344963
id22016,0.5673642350152276,0.18218002182604837,0.2504557431587242
id06480,0.27852845677187554,0.5790477296875857,0.1424238135405393
id08718,0.32910041881098756,0.17406092851893903,0.496838652670075
id05251,0.11673641331898252,0.7887957595644393,0.09446782711657914
id03359,0.7812382404589259,0.08568147006774464,0.13308028947332873
id16117,0.14827498262239314,0.04495680779568712,0.8067682095819214
id17000,0.15504631943646752,0.7930817549701571,0.05187192559337658
id01730,0.18724306869590737,0.6938297556286169,0.11892717567547664
id00630,0.40526075731847727,0.43623015781512386,0.15850908486640003
id18175,0.25412058590908343,0.08026469136720989,0.6656147227237061
id00907,0.6396809175541182,0.19035468413058762,0.16996439831529592
id18251,0.2732971273146029,0.6740141032523974,0.052688769433002366
id25861,0.5482380449754475,0.147579685994361,0.3041822690301922
id00398,0.6141644851106778,0.16162643050106598,0.2242090843882562
id27573,0.8949530689273493,0.019325013191705823,0.0857219178809468
id10022,0.13576041236369848,0.637475724684402,0.22676386295189807
id15901,0.24709370700464567,0.048209783099246534,0.7046965098961088
id00451,0.28364510888239003,0.13793443773588765,0.578420453381722
id23129,0.22404647092585722,0.5883394568600631,0.18761407221407916
id26498,0.4138052742651748,0.3335281332322717,0.25266659250255513
id14741,0.3498299365628864,0.2546352871803661,0.3955347762567481
id18453,0.44533645660256543,0.15107651624817858,0.4035870271492589
id08309,0.7588702778976132,0.08560188532282982,0.1555278367795561
id00320,0.7971469472006956,0.0727283871656973,0.13012466563360986
id07688,0.26368161793003614,0.13654194547080536,0.5997764365991575
id01556,0.14290927311867369,0.019696312837346942,0.8373944140439786
id00178,0.48922796918796435,0.14202549904757847,0.3687465317644596
id18902,0.20186573981382677,0.07626949054236697,0.7218647696438059
id27002,0.46239162615806406,0.3635986453962297,0.17400972844570567
id21418,0.9068295450110151,0.06490635720140646,0.028264097787577307
id23018,0.16338109860025252,0.1963741077959619,0.6402447936037855
id07032,0.43885133593100106,0.2487809582772778,0.3123677057917199
id16195,0.6827696967994987,0.08322203408879372,0.23400826911170944
id11202,0.2190580981566276,0.5034916646369213,0.2774502372064517
id09578,0.5039809969295619,0.16116648454292135,0.3348525185275158
id26984,0.6000386105760867,0.08301871726513613,0.31694267215877864
id19856,0.17748403178305397,0.6814266155637134,0.14108935265323527
id12086,0.49233310019994886,0.1619880873345637,0.345678812465487
id12052,0.1583209269613585,0.20926734058458651,0.6324117324540536
id17728,0.18619774266828934,0.043642525943710216,0.7701597313880019
id24608,0.508502479040327,0.1865935051035889,0.3049040158560829
id21097,0.29113577932119866,0.08871031197004096,0.6201539087087576
id20179,0.12152402551252696,0.024991669196388462,0.853484305291088
id15144,0.36599515917387143,0.46606247785692273,0.16794236296920576
id00206,0.670221909093108,0.10721023550337287,0.22256785540351795
id22285,0.0742854273587778,0.02773877131925368,0.8979758013219702
id06417,0.22952766968360552,0.4041983157721133,0.3662740145442802
id00215,0.2146428843162913,0.7180341470512003,0.06732296863250703
id04201,0.19506735593793853,0.10383364385516138,0.7010990002069009
id21771,0.7820219059709088,0.1333322873415667,0.08464580668752436
id12451,0.2397376839924586,0.22044936068081264,0.5398129553267298
id14250,0.16559651010042226,0.6135935102975144,0.22080997960206283
id03433,0.18381916154284075,0.7486239820450283,0.06755685641213062
id03303,0.2071541336775778,0.14350680301516466,0.649339063307259
id25901,0.31015040966840174,0.4335425438752474,0.25630704645635194
id06945,0.6582251495123085,0.060751080400432735,0.28102377008725804
id05664,0.27229291611115747,0.423744961557356,0.3039621223314873
id05741,0.9048415844648063,0.030160809953514004,0.06499760558168304
id10652,0.4905945178021521,0.21943373839968247,0.28997174379816476
id16300,0.8169276066865251,0.068626888656138,0.11444550465733855
id12319,0.45277420840438576,0.22612964472357924,0.3210961468720356
id07500,0.2155357667534557,0.7434468967010706,0.04101733654547718
id12478,0.358586802517057,0.4137469832087536,0.2276662142741901
id03076,0.2255076778840912,0.047683520684482915,0.7268088014314249
id00969,0.3778784286820045,0.37773456394021254,0.24438700737778246
id23636,0.14001299962341263,0.7149684950614767,0.14501850531510901
id09791,0.14356130002510212,0.12509977640836348,0.7313389235665354
id05680,0.2822373966550052,0.2308856862912933,0.4868769170537022
id03672,0.4848756611589788,0.32935724631703106,0.18576709252398943
id04286,0.2164294154074314,0.5116938314095595,0.2718767531830094
id23883,0.10703497573374526,0.4021129761300578,0.49085204813619654
id11914,0.5070961550210201,0.09454130790730207,0.3983625370716776
id20974,0.27615920961580054,0.5640840964413966,0.1597566939428009
id26125,0.16778906834221258,0.1885678700912284,0.6436430615665607
id15543,0.36897590339908615,0.16030801274547318,0.4707160838554396
id19471,0.919670776485445,0.03243073532651492,0.047898488188042536
id11503,0.5479603484323258,0.2638144495858844,0.18822520198178871
id09321,0.13790363064385672,0.6306635897234523,0.2314327796326919
id25560,0.0247788782616031,0.024836976977150385,0.9503841447612492
id06726,0.3409021819698811,0.24121232019831734,0.4178854978318022
id05709,0.7652009453585347,0.06489180613114563,0.1699072485103192
id09788,0.3417664095432872,0.341962002199646,0.3162715882570678
id05289,0.8728097657152275,0.07121072073836177,0.055979513546411716
id11815,0.1987000027734974,0.6676506357712756,0.1336493614552253
id22422,0.41575356554280246,0.34711016021097146,0.23713627424622613
id25954,0.5778095749818712,0.08360710153034029,0.3385833234877901
id13601,0.5093007164031986,0.3143434932128298,0.17635579038397176
id05677,0.6821491731510243,0.0427414340091828,0.2751093928397912
id10498,0.1886167179776195,0.7241539198781568,0.08722936214422515
id02665,0.37139438387803575,0.41807135699491665,0.21053425912704643
id10114,0.21510504775252037,0.510714783701323,0.2741801685461582
id26314,0.7195423211886651,0.1798012790752332,0.10065639973610327
id21240,0.38126438481542513,0.19174972670578047,0.4269858884787948
id15569,0.6428926239509566,0.22340946638145903,0.13369790966758277
id25928,0.3447570990120693,0.2118210311273628,0.4434218698605687
id22706,0.2572958805707651,0.6120981768149083,0.13060594261432656
id20877,0.11645613624077539,0.6951737177715082,0.18837014598771779
id04318,0.5602151325955228,0.14140752651822114,0.29837734088625695
id18299,0.1397590356512145,0.7773020156214939,0.08293894872729193
id08126,0.28176061441117384,0.023681610695689605,0.6945577748931374
id14293,0.4389057321532187,0.06341211591235976,0.4976821519344232
id12759,0.8869646744514551,0.056527131763576974,0.05650819378496646
id11983,0.386345584566405,0.16685324763467882,0.4468011677989173
id05580,0.3819801753995575,0.37364979833483114,0.244370026265608
id25846,0.361946993605606,0.39686882446491717,0.2411841819294752
id01939,0.4189327198430277,0.13821635546155409,0.4428509246954177
id26327,0.18103603851174996,0.4359210783871131,0.38304288310113577
id11068,0.1608683145966643,0.10246192102577663,0.7366697643775593
id08404,0.755754000471289,0.06912120299204887,0.17512479653666
id27189,0.6332785142352898,0.2632047678653648,0.10351671789934362
id15119,0.28273958909168867,0.4964470564899245,0.22081335441838779
id26525,0.7227214367375971,0.12104367779149783,0.15623488547090328
id03618,0.6197656757910233,0.18510104676865116,0.19513327744032538
id27220,0.8013814603094297,0.10736346959308792,0.09125507009748195
id18777,0.26560852469786617,0.09720928753303672,0.6371821877690973
id20213,0.5698661092656496,0.24287724011506728,0.1872566506192838
id20403,0.6677944958091628,0.21020000286856066,0.12200550132227575
id03777,0.19735097724832015,0.2607946525530303,0.5418543701986461
id10595,0.2152732071730037,0.6786495819897757,0.10607721083722169
id13816,0.34320403055545745,0.05989813641962276,0.596897833024921
id05667,0.23767462763242045,0.21639973453438016,0.5459256378331993
id24629,0.43236257632108027,0.1231330741796228,0.44450434949929596
id20398,0.2969293940328611,0.3233731805719886,0.37969742539515144
id14108,0.10966001649750991,0.07875894324324247,0.8115810402592509
id06196,0.1282812787949769,0.8029740486293778,0.06874467257564557
id02800,0.4328528334679552,0.3123685065042352,0.25477866002781013
id18732,0.11609331536792823,0.8090123870824655,0.07489429754960746
id11915,0.2672130473357043,0.5867026156865939,0.14608433697770462
id09739,0.6355729856648848,0.1956502689993039,0.16877674533581097
id24672,0.7890450084354841,0.1159268246493,0.09502816691521278
id00414,0.12202630943297538,0.18543371233907635,0.6925399782279514
id16307,0.7401395842241966,0.08895463961664717,0.17090577615915617
id14043,0.31481476046260537,0.2027182287048117,0.4824670108325811
id00517,0.016676733271743276,0.015169404656756787,0.9681538620714979
id09744,0.8463436201818372,0.11959455630171678,0.034061823516445815
id19257,0.7799133740059669,0.08045386350526695,0.139632762488766
id15437,0.47379950193331877,0.3828592041916782,0.1433412938750026
id16352,0.18711986364651625,0.16027125980780138,0.6526088765456809
id18849,0.5130676412778231,0.19051436953782586,0.2964179891843508
id19434,0.03208368510525866,0.9342335546674432,0.03368276022729912
id17928,0.3846043771980809,0.07342352149708833,0.5419721013048288
id16896,0.21378947014709465,0.06620842954312373,0.7200021003097814
id02135,0.13960964805472306,0.35271482285518524,0.5076755290900908
id15075,0.7289191671120016,0.1337706797461258,0.13731015314187217
id27486,0.10866564694104837,0.8155259379944891,0.07580841506446477
id19422,0.6567980059937357,0.21542158025204114,0.1277804137542248
id09603,0.32789688923325494,0.5169166112715405,0.1551864994952043
id02133,0.3012326643278076,0.5735552057744838,0.12521212989770797
id03441,0.5655543169225556,0.10198049506296705,0.3324651880144753
id02398,0.15134655546765505,0.7833900092646212,0.06526343526772599
id05152,0.21340325780341873,0.05829234846888119,0.7283043937276998
id17838,0.47878328779233853,0.10462747111158516,0.4165892410960748
id25060,0.7558116208425095,0.16515398715467042,0.07903439200282185
id09998,0.17510657233334243,0.1657043716594483,0.6591890560072079
id01828,0.27681674673055134,0.4921129380317157,0.23107031523773497
id25377,0.33498736459626394,0.14669095510735772,0.51832168029638
id22175,0.13581750556551903,0.7952975595642067,0.06888493487027417
id02974,0.26158543568957077,0.07367425799231107,0.6647403063181184
id26955,0.8961804380988999,0.07243462045117025,0.031384941449930974
id21091,0.6979139645729822,0.17659714665948534,0.12548888876753067
id12802,0.8659261503574343,0.08065139766613472,0.053422451976432125
id07432,0.06553143888724162,0.877581383793916,0.05688717731884537
id18749,0.3810544820023213,0.25098373847102806,0.36796177952664955
id15030,0.11452008591507096,0.11617658483208543,0.7693033292528461
id17155,0.21946403348380536,0.6338888326670375,0.14664713384915876
id08128,0.11522730888147308,0.6670445934701491,0.21772809764837514
id25706,0.0769673308313336,0.7394891994767234,0.1835434696919441
id15645,0.6136004104416726,0.21551049523306107,0.17088909432526792
id04943,0.5545441770494138,0.18920373427514958,0.25625208867543847
id27566,0.17475024159368546,0.10108274282088625,0.7241670155854274
id11765,0.4049001909583387,0.2544934362809921,0.34060637276066563
id13783,0.3046408543901905,0.49241908788771926,0.20294005772209053
id00492,0.186118844494452,0.09024574549012529,0.7236354100154221
id27636,0.2617421369951875,0.14251712212661208,0.5957407408782016
id04273,0.7297938943267234,0.16624561815521308,0.10396048751806038
id02537,0.2681721226802599,0.2722427787750551,0.4595850985446855
id24349,0.6046916391189151,0.2714444726219331,0.12386388825914958
id00023,0.07076591637692574,0.7390115543646454,0.19022252925842661
id23025,0.31967920238711245,0.6142370178266011,0.06608377978628957
id08722,0.6454702095741115,0.13679576512241937,0.21773402530346844
id02420,0.8151751362295322,0.13072671431532268,0.054098149455142644
id10811,0.7294014711503831,0.08470530746681741,0.1858932213827977
id04019,0.12305372156189304,0.11543630892621293,0.7615099695118929
id18334,0.822221198669897,0.09805769970855256,0.07972110162155159
id16781,0.4337611837204351,0.42068261935521034,0.14555619692435456
id08773,0.40588395969321056,0.49292374848246434,0.10119229182432532
id19214,0.29468287597945925,0.4226508966672202,0.28266622735331887
id09589,0.06599790691727393,0.7686222747412109,0.16537981834151386
id24246,0.7043608603285543,0.12311559979821006,0.17252353987323887
id23577,0.6207354584978588,0.33338044638855013,0.04588409511359016
id09305,0.6733114445119657,0.058728755910992525,0.26795979957704147
id16460,0.46453235080613975,0.12139312087194995,0.41407452832191055
id21115,0.5790907146478049,0.11671882087140172,0.3041904644807932
id25996,0.45328197675010473,0.16053269296259326,0.3861853302873029
id02551,0.06396117234487672,0.09053193718705041,0.8455068904680723
id19352,0.12041582591561004,0.017496682712064685,0.8620874913723253
id03806,0.23179393626178596,0.05888390138988105,0.709322162348334
id26544,0.6908882807251369,0.1018422607248193,0.20726945855004325
id18761,0.7496616007202451,0.10508383670350303,0.1452545625762529
id24148,0.49974426499219343,0.38861513201524284,0.11164060299256602
id16095,0.24486987300226756,0.6182560325756941,0.136874094422039
id18442,0.619214678974831,0.17485764866889175,0.20592767235627826
id22596,0.0140874370752779,0.0055811404313611986,0.9803314224933631
id23002,0.15173647561072603,0.09418486189363875,0.7540786624956347
id04797,0.8931116877666452,0.05173503010814008,0.05515328212521423
id06610,0.32189151320356985,0.1043515067054817,0.5737569800909464
id16173,0.28756632831724804,0.5202569833523739,0.19217668833037851
id18292,0.30887717481196997,0.14500408575006482,0.5461187394379676
id27328,0.7759128083756653,0.06883343385349754,0.15525375777083575
id01695,0.25376627522398754,0.6232063123721074,0.12302741240390683
id05761,0.6052000270963318,0.08373591263397547,0.3110640602696932
id16354,0.8406395280394929,0.07186969447524139,0.08749077748526483
id12207,0.21101459964887487,0.41246519691977035,0.37652020343135617
id05665,0.3742341664633029,0.05628847291084198,0.5694773606258534
id01911,0.6463990493972541,0.23498076060369355,0.11862018999905054
id19153,0.1360166898069171,0.07625046857964027,0.7877328416134417
id10295,0.4305356200592885,0.2882230333659274,0.281241346574785
id23038,0.41125068383058133,0.3795819711994205,0.20916734496999848
id23783,0.5164813962675842,0.4230661716773916,0.06045243205502552
id27879,0.7769222855370195,0.11850091634529819,0.1045767981176823
id19190,0.13674981328216668,0.803845791491637,0.059404395226197
id05065,0.7760683855002966,0.11596795083686796,0.10796366366283673
id21296,0.2657425707916702,0.5773007040284198,0.15695672517991066
id13262,0.33603670195140584,0.24440460473270384,0.41955869331588874
id10333,0.6605345105265856,0.17532729213403836,0.1641381973393786
id16677,0.18506876160316688,0.26700195222262185,0.5479292861742083
id01392,0.39442775666115876,0.10007432564818415,0.505497917690657
id27874,0.4394072423766141,0.28148986811320864,0.2791028895101775
id02294,0.06739059256653858,0.8115708080046161,0.12103859942884584
id18298,0.099456607148777,0.10213819546946543,0.7984051973817592
id06997,0.7518315416671894,0.10677881959696897,0.14138963873583882
id05243,0.40592313792247187,0.34812495821746187,0.24595190386006643
id00860,0.11987827044223262,0.6827013663027406,0.19742036325502507
id26681,0.7782403555768737,0.15347441109790727,0.06828523332521895
id06020,0.08325082126762406,0.010274644218445943,0.9064745345139313
id27683,0.5167480302855773,0.19248566119602323,0.29076630851839996
id17655,0.16536177683198144,0.8025614417447061,0.032076781423312904
id08817,0.1910263136562932,0.06776382180256794,0.7412098645411399
id11512,0.1112369408605802,0.1325662538116492,0.7561968053277737
id00478,0.25885936504534307,0.17267165538946727,0.5684689795651903
id02116,0.7058571739608234,0.10332434919391624,0.19081847684526201
id06746,0.7515814415954253,0.14956027343452602,0.09885828497004871
id03863,0.48310503136248645,0.3722857112706945,0.1446092573668205
id01802,0.3153076360813895,0.45587916752858365,0.22881319639002465
id11682,0.7208168749229229,0.05362083559441463,0.22556228948266302
id04033,0.15516970572594213,0.5756246209955247,0.26920567327853356
id09286,0.237528243642069,0.4326624800985433,0.3298092762593886
id12904,0.911926615342539,0.053263557434456765,0.0348098272230054
id07420,0.09265099458946793,0.06406142515509612,0.8432875802554373
id22398,0.04847048447723425,0.9062650882981576,0.04526442722460649
id00424,0.22924060880821598,0.10712167142169668,0.6636377197700873
id20960,0.7193277558858924,0.15306398197403567,0.12760826214007062
id10267,0.6139266706169386,0.25712268774387953,0.12895064163918143
id19330,0.4166334871728282,0.0669042048218268,0.5164623080053451
id00994,0.1918478863815424,0.7316261962652258,0.07652591735323248
id10785,0.5531274221365247,0.22188312439420388,0.22498945346927002
id00955,0.12653736739629629,0.7741852654712645,0.09927736713244001
id09757,0.13890771817602793,0.8114712336582829,0.04962104816569069
id10030,0.23005853176973312,0.13403117896593789,0.6359102892643279
id22952,0.2423572251345027,0.24798749995194158,0.5096552749135564
id21955,0.0473744713378312,0.0673455644689682,0.8852799641931992
id07674,0.6056883056075775,0.134306422908897,0.26000527148352715
id13760,0.22086285516776913,0.7183642822692831,0.06077286256294737
id18166,0.785134342234321,0.06902082411188727,0.1458448336537898
id23498,0.7468670997444483,0.20093652550486146,0.052196374750690194
id05296,0.8495512828093134,0.04957415447089961,0.1008745627197859
id26709,0.6812046895267695,0.11361240597929595,0.20518290449393234
id02853,0.8170630833620776,0.1137126152589031,0.06922430137902084
id06800,0.38295419598248154,0.27483725975070544,0.34220854426681196
id14758,0.27889893191517257,0.45331043974090585,0.2677906283439247
id12356,0.7795229128519383,0.1309279179524241,0.08954916919563907
id21492,0.6146713339698543,0.16945757392494246,0.2158710921052047
id27540,0.3372833477845723,0.07321768020322826,0.5894989720122029
id07376,0.34051066369038974,0.3543403408124505,0.30514899549716196
id15201,0.5775030698841008,0.27163617794441725,0.15086075217148115
id23388,0.19357011668236243,0.6729491830373477,0.13348070028028894
id13923,0.18553013066623106,0.6830146082723987,0.13145526106137057
id00794,0.1155441470822883,0.7527655561829304,0.13169029673478172
id23910,0.3586737125289261,0.18324217117637692,0.45808411629469853
id02556,0.19377432264800862,0.5390654081581061,0.26716026919388497
id22151,0.08308196640800762,0.8636354409585908,0.05328259263339999
id11698,0.3649260256599411,0.38422982694453256,0.2508441473955248
id11627,0.38255482478600733,0.18749011364797866,0.4299550615660127
id06340,0.9276737915924499,0.033936423921213,0.03838978448633795
id05123,0.7016634906563223,0.14492295603562783,0.15341355330804832
id26620,0.08505775433376538,0.057953336581414654,0.8569889090848214
id04002,0.1690719377894309,0.24404287433177402,0.5868851878787945
id26554,0.3507072291575766,0.3894326268366064,0.25986014400581414
id18012,0.3153374441474675,0.20969839925433864,0.4749641565981973
id12964,0.2888287804004942,0.15121951757665125,0.5599517020228546
id18965,0.2129800363278558,0.47129134690134367,0.31572861677079705
id19082,0.22767959381893188,0.14169996956103048,0.6306204366200371
id26742,0.15718866887194977,0.04563012368871802,0.7971812074393333
id15442,0.19801119978463216,0.6745005998952122,0.12748820032015623
id16647,0.4014403445800863,0.2135454487447327,0.38501420667518016
id11544,0.39560355405562864,0.07978259998803791,0.5246138459563316
id20581,0.40604889930732724,0.12539927416026528,0.46855182653240723
id13192,0.4379171612866225,0.2340673827108822,0.3280154560024945
id15814,0.3454443477611752,0.23258516363621615,0.4219704886026078
id26279,0.29017555377406906,0.6270390465328441,0.08278539969308628
id00240,0.8056135957479068,0.08770316648527257,0.10668323776682126
id22836,0.8767132903906788,0.049653543949572436,0.07363316565974784
id15085,0.23862993311317035,0.3861954580403156,0.375174608846516
id17495,0.3897419638609439,0.09569666623530572,0.5145613699037505
id26762,0.32777729216790613,0.38416000665648614,0.28806270117560695
id13685,0.8786666600291118,0.023066263352340802,0.09826707661854878
id16560,0.19320948875919303,0.6990940935769268,0.10769641766388097
id17184,0.049779159188603726,0.9045564733875097,0.04566436742389
id21635,0.916471065660472,0.03410850732327342,0.04942042701625783
id26751,0.31389773934617654,0.4701331581152221,0.21596910253860158
id12351,0.7637136257951849,0.07877912488403392,0.15750724932078283
id14872,0.40187943815953386,0.28346079815726394,0.3146597636832028
id18372,0.7569952654869703,0.14998575445755577,0.09301898005547343
id26851,0.48203565190161896,0.23110312678283843,0.28686122131554304
id22659,0.6509399089128681,0.29377384623627534,0.055286244850856786
id04102,0.09400105632651197,0.025073238715305132,0.8809257049581825
id02353,0.19344950681398568,0.6537018583959263,0.15284863479008795
id26721,0.8055485317161672,0.12423515275408338,0.07021631552974668
id11171,0.5087525438696426,0.18239273578663803,0.30885472034371936
id13562,0.5105495162050472,0.3131939233545917,0.17625656044036186
id26425,0.5019861446221301,0.1251685043856816,0.3728453509921872
id26394,0.48735340969736507,0.19736927869717721,0.3152773116054592
id22187,0.315162172101049,0.5252412124934853,0.15959661540546569
id00422,0.8622866686256183,0.02502534753416724,0.1126879838402108
id22667,0.08622497687145239,0.8914508856634088,0.022324137465136923
id00911,0.5055596398336585,0.340107556517553,0.15433280364879015
id17291,0.5022154445110564,0.09492869271060085,0.40285586277834295
id01915,0.3904221985206173,0.195379521239832,0.4141982802395541
id01434,0.19157985609949113,0.11327840399040225,0.6951417399101056
id01584,0.4886664424426748,0.14992596503598052,0.36140759252134463
id09266,0.8007995214259869,0.10160508297087842,0.0975953956031339
id17494,0.11621106520503077,0.8366437907669513,0.04714514402801692
id24919,0.22869441749676442,0.31063579542833786,0.4606697870748982
id21043,0.34965121061753535,0.014101963840825476,0.6362468255416407
id17796,0.18976815145681084,0.6937164697223729,0.11651537882081975
id02166,0.3069492777833154,0.1352225390586351,0.5578281831580465
id17503,0.7793074462793323,0.07521622704500917,0.14547632667565888
id21203,0.3984240137458278,0.2163080386969321,0.38526794755724025
id25626,0.9406821155813135,0.021177715702129243,0.03814016871655618
id09836,0.8765207496268894,0.0732933150804149,0.050185935292696195
id24202,0.23656801558482354,0.19803753699776253,0.5653944474174123
id27260,0.37376386538268463,0.2710497184318334,0.35518641618548125
id23167,0.20690505103831308,0.032530777296166734,0.7605641716655207
id10393,0.10424382640774178,0.8415620662423431,0.054194107349915185
id01171,0.7774670388929865,0.15567082580385327,0.06686213530316129
id06380,0.7304131244700501,0.10934666158795663,0.1602402139419929
id22686,0.45202013870848556,0.06303497790667358,0.4849448833848421
id26250,0.2916118076218904,0.08027883536694677,0.6281093570111642
id09315,0.3802242587244927,0.42825522371317726,0.19152051756232932
id00886,0.1872127120826855,0.3725650462887628,0.4402222416285523
id03101,0.4724743196700473,0.25288033479179906,0.27464534553815234
id12367,0.5310566502925999,0.16234049774010584,0.3066028519672947
id10770,0.5217563830034456,0.12497410341182409,0.3532695135847306
id14949,0.23068650897834905,0.6847217574297769,0.08459173359187093
id14141,0.24927213975702753,0.6694319753406431,0.08129588490233243
id25417,0.46898025449172487,0.34223367680761974,0.1887860687006544
id26873,0.4556543914039382,0.1607192548081632,0.3836263537878968
id10818,0.3997524859526206,0.1205453056007355,0.4797022084466447
id15146,0.5469218207824501,0.15433648719232085,0.29874169202522777
id23328,0.605542984982314,0.17409144651223657,0.22036556850544872
id16765,0.41958680394583664,0.35399054995944296,0.22642264609472038
id24383,0.7206975486464621,0.0900307795528301,0.18927167180070545
id21304,0.530029069169228,0.14420944567973198,0.32576148515104
id12551,0.2363416509773411,0.6461056196086796,0.11755272941398039
id23274,0.2851382970627524,0.2855961096239399,0.4292655933133075
id08117,0.48949906344483873,0.15383589378776544,0.3566650427673965
id23961,0.7742292053565133,0.11877049613260514,0.10700029851087801
id13865,0.23521235767877507,0.5787692162936781,0.1860184260275462
id22807,0.34863485802619176,0.1499955473296248,0.5013695946441821
id08951,0.30268677642107233,0.1968949227764275,0.5004183008024988
id18684,0.845165922675416,0.08923594295588952,0.06559813436869459
id25179,0.3230426731230133,0.34101639547415386,0.335940931402833
id27033,0.6819384108312414,0.10614935576185038,0.21191223340691082
id13977,0.31609307299953393,0.3988899784858561,0.2850169485146098
id19337,0.08848787136728015,0.5747081698919048,0.33680395874081526
id25764,0.23105181617269946,0.6562026389363846,0.11274554489091375
id16106,0.2989323349035547,0.1570555404432408,0.5440121246532054
id05468,0.13536384534067858,0.05049868783698673,0.8141374668223365
id05241,0.752675966079928,0.07308760609943113,0.17423642782064233
id10215,0.3646581658387824,0.37138716806829913,0.26395466609291784
id23457,0.13574791410878803,0.12254407809047069,0.7417080078007415
id02200,0.8120704181188515,0.10574948063867008,0.0821801012424805
id13714,0.35547595422950456,0.5223362584013665,0.12218778736912714
id20332,0.03445582123930439,0.0349285435810427,0.9306156351796532
id18573,0.2623075199716505,0.11611371148141325,0.621578768546937
id08569,0.6847346278020164,0.04839491167936122,0.26687046051862257
id22767,0.6493290667916626,0.2102161717934591,0.14045476141488034
id25390,0.30293189690525063,0.47703086490041735,0.22003723819433263
id09288,0.8317729077487538,0.06726402354852468,0.10096306870272168
id12381,0.774013776061613,0.0989635069804182,0.12702271695796835
